M3723572162882715783682313188434418999493666686689873842723279977337911653988857576326469295989738888469418885173654154625277815195977448229314552925134368357398475353417646191471466272287536287249367
14647123119358361798983592627834527618461475917968912136118486395518242313628973772743257943234983715669388984149137816292914214599994536253729371884738912963574768575415463682965337231273565234667524
15714884638871485352223681439219454826978881693593682873117139766287234116756196853595335167497779963354565216587798696456271749632946191735353488868925499387376742131185872634311793468157567893714291
21756415286772675533636517653267658947994151734939593367872144226625429719998562581333865721972648345197723864889178224427686897556513115979239186762566327634337937289832324773483677893837162846138532
27743193328855868267914766317843263742481321953649697897686516983362786727761887999152881441896153996392594933174319787392928655233769847262335212656885377151171567561149329919718765732666646214531919
93148971615387457578354217646965324851557874281896394859598247357986885735573852759339313698576687751169124521261246219374198225659958423532643184123692943142298928615149152927538695826639739165595111
13367417935621144774285156596361792455777418981427419981115263316854362628651447236738957225916849624976764834868161884935836374336614381871546155456974996431848876886466884964382116676966168861955112
83232671588437446725832374858588576365688493589265174713163168988195896821379694815538783777345951311666628335298833791825595722853122513533322545166431444264179477499692599991147895665878886498737223
57141342391778287513746653719313845543399281215569671955662533745946358235246585477115576599761146823418729528985593972753214958647745176452743348934266629792678375877841795343664823538882637313617516
28751992644826186852469647294816773246485866767265658596575271644823458159569347749433616663941269545536386912213644387448459729146887829484226972638566735591128196864847341964946311915742311979151375
38846632499699339826426818896884743341516368763567596534876221524852524416431448551583361774769889388788585284953733974826734717864772911544331452637178899467275326264615719469223357649432812152219717
73893358721811216226193417288591479677697881435466426163967714245956544811622244279783762353791994444998949824113818825346371743942327876588522848246719138152893656897927654467413396444762716928132293
11545998495567723696652763761582394197687844798351819119757197643753624969731226511192643288739424952238926765898448791131347489918414452532215681318932929868741123954236473852638928184234719739115138
56613377361566577579251542811793372271652373636388311547519928854179668632938119262978284575274447596987955416157588665913869181449711692842311169671759248718314524975716591435778126159263645998751819
22792789999772847398531933221761679767975258226761342811673277228364366344858153539915387127472377818935928319479516896596385213128365937365181887188341732284543931388794556451339469875328525364565982
12838329559835536366617461827478424779872875766137651885131591745786999518247125716426291845574444162147371399375163369696713393576736383516984275957687287483716284133869926318121742874394894335924734
54474464753938829869216223929934858597918924449779599125111495522653628595184298924445865485924646545116666244417296948998916718654574913858337927433859853845286541261298119875417683394828242415916662
62495757125217851982753467485577528617949377478167526813623653547272663835875619783511811631219988339538569151199846832229734579899563835959922458335413731717599192612353411327119755977457367231849595
23883949532328921559847817611254311489721285875444763227221857761434216749779216892521519392146389938132241316163893786775668492554541434529397481854779931668472646715815556699885761541348182689396557
97482256428849247874634653181929176852874467184746983625718374437858454366469312455574765776542468328762498834834421798962561238142898927873467377727491841814852894617777929358975167548364535352874217
71622741116791933576677839949927864561685436435424272558152326584548649144547181926464514353125729716261568754564698587157834712238882378442139892697887973514618267773679622866671538381887335573482877
74455158899151823876546538236372795448141988585963499461689535185353144276269878981237358686857199818695476343159573551641597884272531639964454297876369789614529474847324919349517455445628957549972896
89327527148213657569352616918853588325697439911812713482574669991785651255832273197621737917397139632985236863484873372125716393651136679874772464895781189144189563596318843953693851652379974673143583
15219957968429557133587681726666377571799251783488332779835679647992596986594958435398557595357532747191125482542971444985481469458478499125835345811273936869596295262978836777713117835625533348524235
55294855965382872378199187721867272141438975875791299623288924422881193298879273791966559798924499233272936474289936321836654291153164369673713868913877747918642713769311898841857196128552317699935322
77261179855724413683464282543948312661218198642278761998648154362979417438842455726498162621443397227354837379578848364113274821725228676437126356824867695239335699987268595489173863947459667838951251
76724197542112197551874274369614523247813799626753239715656847797392739641286454396479917411945466886552327713913596627732923132428163493536248326998837327622889143834486497654235151458237636418723447
41428928535173273723756217765969342358797444489788157879366893127226435375694369283876137716244238488397331445271859689416665498976644225657646831465626445371898482371322785749247439918346594932371655
97612133813237221279556849552774754925885284531233293379225157912383659211138433296377164929381914366439615542818232187494678476357458331562942327212792155129611111413749437422945398746956434647728921
48386181849681459983576886147593688879577635178463432442226934784393996273843378922846948572641123954853549668594886681484329292123953263411771321139847776731393923321622646912972251723967314694344141
59223431942713977568555139922434786141679694482871882529758452811379168147645792569673645366926215791462119793768428857817312121489232133479872283764126645332647324815643628866775382667389765446755894
91723957997928186261376831716972892673352852128148896291997369689436555658836174475287258514814484659628748811853487754328346971979752148558142298733636632474322836185269978389766843324145321927612998
65367294642481654293961935619918465783165788339855797688579654721873961752636848258839251417676885593844113286939441766277641211274275166678582556624634345153579187998257897493144824153111395259652923
16483343939749922115432538756642233369639963616681964584671984896742179135253196564644238674215745567994713673262111861696232635154731943889573889733859552533867931313535138424828782372743853485417932
41497269681453544878423866597295173482249842465748133891113848219394165918791724994883658474187947867969927473421633249237844117428234712333112327728317394622488431925565932729247431947757383919473111
21865115172444649423483926864431679931378127888881553899228997868585341844359287577393956935994494492757166234254215912253693524259913496441348349197923782745758199936314496286243462647794222993623857
38911454675331337523474255494219263451999881916439226822413742138783431929329531971886295483593883267987929784277282781743465677659688551821867146784556519556345997287948454971126749256248536845734416
32141932771339139868582224742795283685993669781444199964195898353213224429213138825141989486891138299896818117743851587858213676966931277175548444767828657812266972717994415158143366972134339967797625
63345664985786759551927752475569268688866495335827235397948989293973381161235875981922168579777415225131672835542596771148194759739431145241759915763425458722975386943743414271231975917659477292512585
62246743987328452958184364579598575579591632514951722942959151776482534565262314689736411839553534449657328299318478555511345224774667669711212129777366129416855799857838364483666597686411274152815753
78562432855791777425897522812894125375835989588999554949387767196344171353318888762221168868533362927317158999296591566161971614594721869931329836822313628488846476369782347173385665964842874884566764
93738189226534452223644692578824559298213276121983434645581466551661922751584927162667628717138413629567663384153379481124631174861189947181267466571714276374822216871615299958828396985176928145464728
47564791365537727823843532813319668121228675385395917518734395137313979725281752658123275327841366724657398575299211925739135332534617383723223875333853626839233468666145366657137826476931683437452451
83271971617521849251878355776118515481585653662967439438891857475675537933958849436647658149588496845357932129528199481628189821879377412446927887917994529113677736994851465961482122323239167221322162
83696327377351316772725993217681524472947867764395649693843264125998344658973813235168246827711998276279458342437369731381225788648491181328255144971585692492316162178629255634393939537365415462611258
71578211329923339434951248845927133789856634939277983932953531516935222585892759387198856186439383354543463285122279572746621518672511542871737649341955633631827996422738735591569568442724786777668658
34958883299341532758598196161916329119174447366829966724268557615868538262546194658269616174114628247967626263531635742347991614968881944246548624834412599335383482919696541366654972615664841392889629
89872227377613814765412538585857636914436244896468432765344738884945132191117143425991595725724619769613211174615881752539478327522918769369119672715572174448534382368882167244393328397777477832692272
81595548137687371213435845636476539381151597925655138275369459227813136875115768679879952892753259448366197369631881579512613453235228527758397926575655558183213112519782899679983665998365973771529118
65123692484661773728528196724524175325482997495578682153299375176226538126488669885347845394771495337939959775667544633136943993221151116753635537931937329517622947158494998427539593244445178596373737
19866764594946919324784884231249249652388727932858521433937559957585145466884471296551743931723766799556988168649369221593864868729756449621929886731438243175689649834728622827927149478832281932876217
71944979585938937782436516336379616416645456348576896621734628497584333537517994212724397496545622586581653561896122678576915172593295634111126283174692619714115919568287428829482322722413419827283882
21241734913164519442965574386536679274211411546197338252255381115775211964113362373622968876334958882434868694529698382769362732199668583629888516727267142672853499381237573942929273541378871886938174
12236465584287119818563414862151557661335883491736792266326853312253235594646498125789548799366257268661288758653474199478868328959479413313422292719352761591522266191446521954221776932884334428977219
31857774556655914454835848653612842533165853471832452633195293819944927983265816235925696731382139475831866572534156231619493915248645135663242222956356657695977411857496748729115818911527789932516317
53823154143288495226493985564628469699998891533742547336278837438351337693794975267919544826657252927851624652436123245267451577196831261585539771673141659297966335638544229185676757531768423695877456
68226769281927545592244165519131383817416758412477659891254629128543146456523838883966353932144647499574137921461652133784728327837667291256998297129983445769458658891914941615113571155753562185583183
24143243877585197246941193497323176722553141792864769498817135848489433878689329286458261772499459423671821821843456773642413455186981213938473722791855953335625999918817493118465557484854587465488151
86172363586542932533684548346215888973142734766241794779356674631413223238211696282665355122423624848588374844423122383456851967813221374835971978448343679546591543173122778672667829296524474126969667
93994555437295463154267493512461331495581292665929997452815321598335312591114743955315783832671993322232851342685919831116488157883386699969814356667858169847953553661417927921631299176932362881785634
67767866791757822639576445459235265958321593539847351528182128674872527622125167459449213241477797281167897895912748588427227588724718421712684888141515196251432954522128884168368495446249781212487783
73771944742362345278763922579269368915719968625317967451711743421183518336321797619425753135981743636384879995756647262373117798772836376832696283763776317455473976985639398822571466637729725548194135
13193538538284673387881449495417855431422117775354237686539941982395334272393165894459843636178348165394156379937577167637645965488579752237575487784134236453234226947559722351298596563731239522317258
54211716292681291185631488118278339543581159854136593156468988363935646446759185693223587914476516118747575765689747885869254182676914165379766244879481554624474646881491591696923327786229647851667254
28683128559127886353838279434523331436132577949573915918126891653121996498989284853716671217674198617955654761231599635693869655939723793747683768917833565261839149931542775127478569168343312429479159
17132253334821885164549529652254961138673843431862275999699524431438622338417824515373594226186754818477695447394816657651621346882942818627129878674579928734525145274536921515592952487114223776881542
96435896236347154175184976773948619275442169527464138241285832389651983291727921187598524633122249456765941364545552681194523869964631778549246279356818836221985453453931963747346447366964441984144241
48847196833218945168997285295657189975896459425268417772844724458781476618397354743357351755743692361475178313835189331969528487251424592513234946814895137376532691142528366726753813778255248775115643
72891289883981786447611484983134175969282322578446339194373338853471844989825914629139943283743934317781768475354688259146395419281689669345924774464191828234832431752535362434438937711819185491676519
54914669113927225678362951364578984381124877565588926542325749293464247244797156219246389584366953266849252196525981484798487563973361781296256626767227919162385111869699295817742732658231965542434936
66792325992183712342199835454925631726196926316183754182334368875231946399337549831833744933195181894289838839523714474559546174735114883811388448415172732474871351288859831652883678992927224211867326
79665988637484345684575155385357298625423999455955643518599286864852577729867883376291765222878214388472591252118858681349181585163556739512272813587138535883359895574436118539637576718245232316736455
75655762683286154969287978995877633383824474779129194964553525487951517234425659861887446928651755342948264935429162119926831382212451454962632988695182485293582893228774577882663278797446496137588468
74584346571159543464575921618755329128753274938471575756276556337768619794515813951566239782712763331522269245647281593786282127137828736325927571836596586929326589418921813157222917713564954153716792
73827741456764613636514483617699684489181534259327892478853163881523978749418264214575776127595549432782387674544517733344127756638562881354334458672853235365862343726614755128844512178673682256737536
12265377378992538493217522748745931225966768723871977172738465346224514669213254486982824966578196695132381383778499694561752541282697526212775854593611162584362784622375532926418481214563962753783271
52873492182936157356938883547273921774218567937955464596728321941284443811257662283189952322575457964341165897235315784566632575991517645783868374316838442583474848278538137483394497196576927352833834
84735571188199932175422442458745538348666729314655837785132895724373733697472934114537661515557799393619167519843683355611878296165828491973362976241389687964177363885114691635411954898247427447595978
69484965788336265824828623624435784629696462566839268779131574316212381688241896494343128733872858765239536578484848351656663487259763461981532752226436729514134162713334867987888357723739414131861799
11412961148249426425825553269386487263533761738616347513984154924748378853619854254936434263514151848312511143327884159163849819682388467589529281932849239923191894969521828692964653641933553915234823
33511227769644612745912483859426516651512181983523197959875257864134945123998157764519897714781581325548157296513585774662616678758228465819886418175148792993476898447793576161517248539175975674699227
14677137129823575873556833527651679666912448771211599894521258319119885134395683411461258832174984236569176163931222181755254347799543539452861654946284186759581657649851685821186596442992594933432524
78683886347767328696853152391796952589528638656699676251428627464565939189771236871669784972614895798723386267249743868114967231754616187324265678551382397926318573278843678748997419268665732369632427
16729186293351569624145968462447988276783191642488931934737217173261621536516889118224327169221217147135435339831766994158949648445444412684685385234971265821288117295572543982616892535976278366292458
44935131769627976643541898674618975975768782457957416973223782815654293634848893192471589634977688388373662916965938436553818675671483277794219931988261949399834246972631175764471348418387426542455663
11939737533284631487177671139573496554946481713166637893477837669969228986769869593875251989617923356859897722291425436986492989591873379249775368926158943816338562571989243696383834429379559551623292
69855172338254897252397146485391738713972319716936958899257312683395667411893743491656478941973914218764815528431589843849755789821125378424868755592566274328886914782863489928364891421435518531335116
98855179126931248931424843748273969481945357978696485778531997661932336499889997462123873366357153588134364399263524896161893215525751192773319594286673524513634213814364278236799482371918591695128221
44485272162588894389996231818619443369128959728955138886394314216843584536184352298187673563838493265811811254781989164442253652672927693588998316666823369755531439131859876259325199239162456645893986
45874422935725951892265154627325682685467922781459176372923733796453219248972776633871761673553167592427486126682229129418847837799638932816387399348973459658951725696226894956116787717966765432673352
24764661381829664766628625276998694831287823282343558899821231585152781427415471371337648139765944217417457165398789812131897226717543851868823157839717118792796351318611933526516337954865664692987854
15132132463234463999948725747331484637841654383481619411336628972671656151881732428564517491979659255557324138422228473965132763551135234986444255711747958544835769132515871612139855651722893728737229
14561555487221743777586287366761674395663914384242331699786743942182555668139554795145936399257547573366897724898624433543839315796192119654269632339348499334178418338366636779422654933677558712568599
41674252299795611553186324625888426542546389553919543366423148111995153195486411588265283454488219987724898718135639927923853838621621459251243994179696395373864247216543249453515861899764448323959688
44499578396523429675329751143523465739257449515355154714394558994612883216887358649781389435542147964868781638893669221971323234224148236784379541733351956681411237811969111746174754113669186371139636
57298985216689256898754784531262248992798828463262512961136572662238157182492936113163284767887489812125311845781844432742862285891799969578145862218191255689486414683242352533631553289923191639971298
48295621743513927261941845651131786558855295153647925564947382946738464397749273715449784236758717153651167521723426824162225925159226734686983455965858183944573719872887952164241754795583974125436785
24858353169469595536565627833938161116691231884266554721121223642292796739919224694358432692599468482389685128911544349288818917171986874495816324531796933141663687831667491835325425251379395464546773
96537392983611781893354686892912943381244573979158191476526275546938737543717922554285683545371552987655983239535894982484172162435447271713869692713148125843599586293653868175153716658857798697423252
88669627734477122657673188148936748231126255981848376347545128136271887236176429232196884753492933618538979171572257575778191848245734824563465966517812928325241861957443732784637492998477625147935999
66134551434175491366324282253197462792887716247186158517721341925782463594451723487471536272655465769988517667259492892793674722858788486215397541844521853984214677155986227538483473845311711283595278
23289551922459921398819793675876447489813547676272267466748161258437845187439473446697576698683732443457535668211898189132672346362162214986641156866973764684778194158169156419249814616824357884598386
23239435367611549418588517948448395284847147264733226824847585741114358951237275839787144688927998251752877941528576352776654558869927964787244714461144629362667953151446768131669529788717517193397273
75356545442257931815681417388942915569896838282355212766658869349156995399249311518974977859124954133871693161592612939282484231474347617956462878737969551146178318659745228671198751978516292371199545
16796178156465592219923457677456187976957464253123962851634763326652697198925473632984887853754778292861866725727234963687787194824768242615496176819587135113464345986613764524421544993849261328914387
58766799933423139141619253514284957728397683138222235385161434479952658126246769895419186165341726737843291944846186623377241128552367711325195739148776928851351563776743494614316691894441993899738732
33966713387528252236429257317592237379147614755524772929354747599338545662355768811775963431298597655242164155496399452589451173271244633285838719654656972737883393661973262714777589449115689229554194
31516386743868621244419215385956234998788398379934966315169331646978954553789587347635566292654351387793655667829983541795864568633253397348623566559919968781894512615528751814967984673471614539464372
69697284612981457914653563887277838836233635964393182567523671392885287189423724575117416992483299853311924649697837715354521612767679598863845942373691343137666931851128872781974746964355544273763484
72223442127795385549132718288155522841921162472636259939133882425326253918113897819897742459238177194914974347148469128584371635883329689126735349696893167522721315988774149251797362589684688623729677
43535192892932549842496651162154134847169829948713931599786683363879195932522771546288883121736378163491471911656793791822655737465721137334878596943536445674438932658957998718689787787469929374918675
64527961256347333545144572111322627533582149823912231176184255225644251589174517794841343993518269295168714395161544297935417944841792798928333678342827626323196977235525839994973168193653478444514288
66946467821997718614716721718273411889848212276355893769762214396289531733991344278123362974421141534552569888741135911652971228839448594998971157122175164654863748135837214259431113742478147179311973
21249374613437956571317424686767829752258535196855347274628297128926831315662613257362938791251223752835667599136962778948563939655658865584855641763177646844175999239326921751977161782327847163146895
98679627464352727617513965847834582948261314262771874495517221543926694352999536682345423687764925733245365485629792549958588274885415729888422582465589415918886866335512966173251363465738592518537631
49515269723321485324951496823898213197523978549947653661141399927248183939239515648299899827511728655285191283868224772279723475575793155525548938328259295276452395773282839163388996541398459726984614
18943317891988663869184131499368649228533118869624332516539654992212175881751374826423141464569399415121314332743172274375153269716818968328812563822968585999926957386559885555371762232411858456493618
72615146223643819817249322244992171138799766233137587691366758468335974634489123919149845896435355167989535242488563457211419933623192834643866184449682473823712666286738853149517848526742485683813916
92925571939866865786844185492756335257716875639338716259247243356116729489127135757985327777948986213245745848566396444886581823989545893626971581693228798152528886834811771136593198385883761241172364
97328899399544182842597118472469988444645779388667191161945931468856375942787712154688852973951129911538764519344393227938434879289545732566853251384967732444273472384592569445611485765633591981724584
58853291622889835479963227969425461711348841999521311264432481993849976632487137342353562712684381111864455217774313548882192476963938293973488356344538627528514144641664517196368425187471786472877975
61132947271772488866315684258223722799795434382551239536475782437458871558461439972893347183572716247356772676664486186323853915822126896537958759675473821857133275214985178942323673853152476412931429
17193965622889533565932465162126342379796457467948137262644254631322111567894531833335317617286315955235337485356848227951217349855788121231372853573181422437235995938528211356461428577423174381376139
35837726267724996792327384412484929825195796533832955942678828149115352329798542654228328156343934598241816697711381416342322376583876227826417462282368921685396493937396777932713454145383268488837373
54322917171133815595868174865611216375749247817514891892665754769983817585541351891584357595973366645428614173316184813122955412967647962265295195213728287666163888594849799695797179761357389954574635
56464548467481195939884969344751383967595232761774726753178466386667358685661372234989298447992272998711738768896583716493369245931821745769441867384426293197446735392292388642296463826144788177839335
33679813283179175246219373269936945988792394365335618938125714964223642949364778818536993719743294276565497375842557754367915844817122144868352418245372569145437737341745192649297885593546661892599647
55139187216986748773593626326717753937546184649213474315419696799169645221157462674215954876141814444653553644877241799646439139982182434844979661514355327139878779145343223884162662127877729898452539
91695468855444327454439875778225837464329196213888911372593129172848689197151831938497268281199179258899993636653342768845376284683985886529155948964881534723923882813555532333846719851934565563542948
51945956249281453984671978411224594898784136649287976671495782329688197229379447974596255637596599921935445254177549143732314488335513622665364737369788297614366465718588336155449676444141587746188577
74212724288915996795218396897985983675295861284711273713119777159813169965546142924541624536479184528297777265348422481246437871151997484332979876494516413677773482484159467692253915345589128882338984
34918718936133311643426274171432148661947414528884797279117864485597493722899171953486278642964612899971684341144922919524784237721814132829465422573548873243997838777723475472683867143347328296586821
42986552624771487765485537735474697488594389327737331331719643927933858352521845215171288786372686275736584713972482332975276133393616241929398459517766447519236978162351447753967622588453937625895512
98253672894242393759332768823337348354642323549728726149249968944866182767815458138759762937925353426351731136926612821281984648599442672622586748419921455916112567441328265269399567899277693751484424
29621237239462667832984454295915751292724916565761791944613582659493319769572374784184847187726824215956121273343482372125649725811216767931436214452235997462546138872722931463497283281567984638846523
75424257463791756731369758954287273946744998598129177641833882478725762687972345197819387931615174674856444368148858268293877214885772149389489959665124481798677667219873273155551119633831643592272316
63379248394563213867717431414536384646821196567666368957418666742822694481598573728863497384865145713364724757856467549174632484284767557189951848731638491546645998365443359929494185493922261356969371
88321121827657929972371637665666199114672156689294572261913982441731319887625284542255165488711313198225259355317427274434475399931466532888717283377581414851523883752377686152583623264715796531833469
42188193193377866235254211332539285889163773891612965413527255547541269818976485511728483211252562311331229862449736615454966174682149659424265684482196128338951663829718189994742625766579237688148451
15351364817328512783493913657122436218117486732719716311718613658254722766734745371777292337589497565683543313264252943587138528775258421952314717275875778198238596575847651834878742248221237119218944
74629767827326794136335814266624581117679524135966991685567383357119625145724468721775168386379347389916312397313757369466885772338742672922546729319426852345228148228931748379636378354968637182842763
17569282573924356615283739937985899386582944656733667818986923519432121282532618778489342992596843596139642637242296918197999478813681237656487116858435753993655628544383536911295666826437141825715982
64111177589584647113916334418529337523179898916475289693636472647645673522524915427656419268128768657736842223363839459533641119963924717387323766867578843286178839373364573683321836139529277879642629
76541648559734347917558129552717846376651757171397653521933632591221731645458783126324447373642512837775347927435638984418874373875534539834165883294814965375145628844275799232987238646566789975239842
71199836345778546781245148865992832563327728577198379725884324552613171745853265994288156945971956562385829587838971144633632767296517352365932659738418477432465914226647416741474995186447719451594133
39447592393679383814832792455459233711724955325298718834941427513335318896719631174854533296626373244682913711127616431298828266245369536321289795131949214412484481133528853441319666964268312754654567
33143938589749248361148933283597953311219863954347586731262183549191638474578518729633473939971795479351274584247674361594181722588674278129634521554143674245455419941948348351575525878665786842437653
25897655589391435839151684259953422961414394599345972165567425729953492413999884223357578144124751845963398371672611965889344218424231246357673578892595537395514536146762329523253979324963184328937648
38566131227958888312395819174743249649661442186326797674216483646728939118217824886928614959488696729522626193385482613923648328711167452427455227331159949518281785717299726324954582219242555777327462
88364846921245158637146637773975952826993711344561386429542355912261165617334373232153936171537985984346621237737756965567142338728755162944534443631786183652962375614856746788448172937986257376348548
43287917338858179879242829455852751278312755239717179498145661666696634783176929478848396999985259642963845899578552436834547614432151543382947162711772252863682283537899453159968118351811451255231325
25219744624465888217494774159973835122424881117423189743276622297196548916846237793836839415897179844751228692647265156892623597935131612367185475686357413244542534143549192497256355939692492472186273
34513558643676914391412839165792777869892142433952537287183183689675515828758972797378344966575383657511133823987211339853257911269853933767333314884485143838746349534633548791419776165164778953536556
62792729414368147741664199724648889136169752669693959722751654178433253825276976872396243356965964335792744114644725667382929824754145193827763496864366286776339931771351673254363381184261232588722229
49421512829192633881135296434384191368479216141173567517842144735295119286653714864187998139713764457463275557955916863234567716677978424858824976547239248982992523561296422598148267736435456278112292
51775758965287138373933754849353758955494637814458443947312833132827873982833295214587213642321623292177181561153487835212596949811164336651374771567931557664817354753993839691924534424161374839175678
56114171279472753529719751866117843298148335616788513484112758551436899413591156148663718811731592738636974615725998691881817646582283332891458539299565688281556976645531391755832757182671451917469991
75638475949671925421348865423688882547149679547165117477147538653228285293312423644468943897556758295717411746637861651969142398762479269596946657211781235143244838846966527791455961322466842693574339
31378671643688251774341395926162473952946459746546923982388677197785622361281534177487952443354221616119112173319193295715754996813763724964553376823675433326432444776917971928575487665984675185684791
15177251428776696198373657259871592131743133353769642672782876698536165728543847164477592427732427861492338763373463195943747929312967429295695162255941133179811295197679165759522144833192328352854647
75337979585492347838432548651363322727276273663853932465218426682584357853419325241582514522264286934419148974682247564327257329722932477885895162213231684349752993211774455552374714463417399171827158
33417113535238319418273687411182789674241457546678846389271188416626567326443877581529127481688845713127499729181795767361412189982336651897843968574597177231782535774217153619412713957695511716764892
34415165482245381756146555562386618154194423898117771836786228297427297235555566147987624134356779884513615662972191815177295214314547896925448869764887226143614588172349987642748643134838323989972928
28935847135486758211973938779677893878916678971118876833966789324814139826266839671889835221353991894336276626665146245359562319573437672324675782987129881159988536724939886333431631536489783897526175
52132425435158197233277319585813329884272332424495117241577536517378653742591372871135491577622423318871617947455239316997769289716861238938895571964174617722944385956155249695515932844339849527142861
61384527138469112564483291535647133386659582918144396325774642449678622811561463939613416287483824794646917292996869451967792634691121744196911571376548368657287371974517791839819728375781229179996972
63597397728241757826632233762211399367362225146442745724339613524939312953195969545933655956785557364191218333328857789136212352451512448836585185876414886144477423841467838116378935971684154278998228
77674252577799561387911662626282782547675182379174556567616553247776999715494567767457287556731454998392225356519822976945564932945711588311331249742967727691263453159333381348767336775151394387399624
35699362334674943449938645137194457353616178451767693128169235235639824414444553764293326574565312693271351615847974789475422388149381173675872914842424463313268117329923854776843311198952693751211629
98184285838587327316188746386495774559228923319617752762423489643552863791433998767473695619252917514465232797554418511447155797822241836985655524799612914412771847465936825619365192194154248563496197
28132737536439213513111257551297279319434466486222412837244219594755664776499935167955624811783559976246373425284812856377535265221186696338376342898974791158795439687595531643281726161864963645825868
48145869888466733559346136213237399359797683664856484831266186389283611133824386837167373211551753857233218877868994569898519154299537766853384167936651862455136632288689995897152891324411474443254326
75264912818785633834145279417652581492916523914747191779444618969835774846357894851379187471443925322378233496879192385214495582354113267523598588216598322182356498824831691583932142997664357244357144
28217579816963841417148249471254549328382238469893771575142594652157359851972933337873574613184656193496742876671581166223277962537567674849898886262745373644965881457652747843527112184121872911615384
27257914837665283499754828831934947939356355264236477293551682364266212726264848158968629529945686761264149937119444328285985892483845891188339929329644379864629961356652263313737131657986481395617334
11944582242821753797273167921895655653647248163127725116382253291784828186823367428943837276153882284976337544157966482648872855176522752852893475119489632574676547469324838545947295762541557656265855
62529934779612433226611573637843618792173212837153519627379722114575873249644828964557725419719129489447534325121365451374174796123229422195134834558283677576785172924355452272359478435264426418841659
48944291869164764613138512142793719121481862265279255656429457742543473746813497429254115249979995496822143361229943983373514453139319456121321478123251445169667387223448489166875346724215529118131631
12337284798913325461754882191974541332959448286788178136381781688746745627617953546941649821185126263372758753999589288919489942139655992334414984588569675368266876716162919855556418593635311742548439
94512642793629481844381354962527912893565753267482791529814595868655175757881335465354688483481814189231879554557639397443225472943822421746954584124825966991622569647526266149714411393374887436551727
64318715562625265692999749563399748614731362555824269289326622225332584831499284299144588389191527554964581131999766727348467164115675162269929555775776313745961381873561294136184954221149665781244194
37699288531598854638781814116454553433285963489634223735369331336754642652559549317111226738299468331196746453779663933323383394198968966894616793899499278151677777915366526643313441612998539672287423
47424333918149935831936764945336333899483512568284741812817491612982548139193783977242654813966168588963163335441532781657847466537631765543659356174494797545868424464298158395111849895223198417464267
88119882234297453865378233289943729746337858248322291927364352728459985353476119842491445495758528851588859255678983955451379267478173591761992119313719857628131125337318647752946127449564132929961549
85396568287312995733995874358723585595837768485896662767139842546424428557346327715272552198252713941987113125425967535446816799967784345265772242785912591654727953216592411352696626886247993516237629
68771467859232721411938455189833418339583911915219119565288513187695237661438256464594828739136438713827687756647254437993973825411194861745543967632199874568454835665484917564891418731892365558223639
13728431399976725872338732686859182997691684763388971989648358468631962291864896768123947448782738234185963145741432861961115766532238711892196268666142966125722282631279297325142118346132865775542632
87831275412412418433451488718221549121668783354728947975423822386343423294415393622812168818187729658998737495937113826668694732565624818586969594998976117335287914419934479732241923124594999669756638
52348153971135112299986227559113338524586235651359829383776694779665839874311288495746619115873348236112826812335784586244249294846253192252156968213894378338322516349352131876751955974876758554662146
26366259892335725578572742394577994253236914619546329312966388876547742222714639343648665943281381253623811223699788582951143171975452533892857954685688538219469598649893146141146599656965735973376319
44852384462752687912945491589887582417671421381186878286822532831716911587798431344317436839421695126169593129299521487635145669197967326658724516318919256738115721993454393884817161532235964119288936
27471543163357217893946969785241576264994177732639866893822796223573431674487999913565568683929862422624835148724287553328463339415857999493428276557839555289589931415436429171718495768629881554749971
54414161914712115792124358729632986363855225339483759289856726147294382976612592445246793585322376663331467319851625745342876759784112377417299433247891923142793425397241943476236957444574856765813552
56333815424365632518223712514973373956534591665631778345739338456749218715152166179114175427373952992247698344672837236554746187771157577523248826134962417543689284656799259884538963768839362198962936
11465667193591393832354588421799131533989676888791722796898592676538253597442255674729317419834995947327616733626494923873171735846864153358277893434469987593221164847258888548148527797183349856852591
13373972415424663129997596626832218982951143543877486329683173841814673191768516856443625368488416298611994779493232893358138484524539277439453662428496428811121831382264738146639226732284697472145351
18438423737459784421819567379859339155121498227712774154519698588896967654574856956237136325156911287696513113973991159118176526665528672364873882834373979954467365837124555924586545559943919187951957
67329847227181935412216232965726133847559959742766392245565283198753985773694726547851596696588854369185547123359288383428573685696488795619835389972172458529339131147286225773181129329918175984434319
86996352266276597169976229111188878223221847636865273568492331615441825655696382522451442663184891886744242531482383575167236319732619634323375998148836276146519548326356166729225285284885152311993261
3359989962158832811719533392293495658119945372665357176772563338977842783722723641555362248222812896366572664891421581893834779513337411864876945843954482612212876718351979352341562817999727999573821G
