M4843412441116692889917573394528947853941867744759
92487589436366416677959171965859484956764782685547
83378295833386279795799636493967424399354347139887
99748132618142326167396769135711979148979225349525
51597912138315982488248147683775496497114526546725
26954432872258412385944617566323724219812349839571
68564113366577796372477486413351829717743127666512
55593521361524537382566322747124288154772639576118
81197671452592832244594723963167811234888796635755
34274692828762217418571612281544419833316151211679
62232348922938521826969938541418194161191622685966
18283441334626915157867767285929122254739698136466
76382495515647934687437275734246155253461619535469
67155716922976465395293438546332558754278962627689
98155651942277727642221415764688988271234827134926
62579358632464382328241983518122399143474973511359
72843153386323256794667175728119992881872512493587
59788258891496614482236893596555229996784453391861
61852895181285118395435934786293682889664137393322
68682216827731297382118318634521973416446381259478
25466795258474659616291137556785926785351922812545
54432764452893393325567963661711224486749195377365
14413538285481925933462335395586843821956974357116
28779818361975174737518434628791879512198689187398
45929361314146461115282741888175113295747782976394
41599781537357143258876666744561993777494628519462
55776897831342565387619894397225331469499398424191
25976731593551935253267728965582277827318262347417
18158271287772987498681675692293678194231764161446
96981872827451115375466256691824413793675868379594
52743598525973934116497885488365184946924276111464
36447812122748975453421851228397856293972179325827
46779781475724889765761691251254276643671447946697
88949171486636164121555466152985494584785524271861
76335699579135682875758343431145698132959425486483
15677256468458962478358949339421337627455154463159
16593123441529744776984449934747538981769719947448
41291419562797247474439777521176166845163144244619
22616279242498462218161568414347866928655573498623
62268823835192743379763646297995825617327277567737
69457847367555186231558567836689196852414542646866
62412674965655785561345331443237839141466789788487
35736224453737124323366736127719734334237339725925
89769748736447136495568476122113196332464927782764
71244551426358314219237393797788892742789549845996
72576733878695569164878959913637649888128515694185
19571746193619375759238835118888621727866936724697
25414159553875841556421936623515881489677183338322
82895268677578716441765192737674758959263976569538
1828338764365816524682479575886745181953283696366G
