M752357569631163964318538331559776326754736931545162298266378166766746352173555675814997342267794593
7829435628296436154675653733942692911127327659937855721262985834483722788477466571498537291377355151
7377222433375459774135637949271569267422146114553977542561598284543678291632336247473263266537256921
5117429587389361447979935675547394161998216178769435146411981766994947511647789337333274935827849937
3645185239664791615841455874318144764435588781656295879268158285391829178713694441156974524467676656
6242599455583972451932117679163225246234887197591649197262472952523541192844573349213336118631957753
7834144554552654288951998915446655111548211197456718969498536485364538517926585493533678212268543585
4233224433638468316526571768635734623475172774842491749943363853171521882324377732892151559318188453
8112518855864761175892834619425243518926568234917633333926449192993273392353848615815687333348389163
6638254275742538412763976785344433875257881632615636231497561237768473688116927318922161257225244813
3861247542251236684882354285641344792793965495746856122926143274685269338341843768895894215817952196
8316152443648844876579523542232999531978814345626986896714325295329864128353321167965171423742944837
4168427296512443323513281915331368658166731497868716497866325699791643883667278267935878795628831916
4998234565915272751777136114767311335736154977525611439783269199958168766342423913988367493467952881
7647433457333189435855351217392797151397565151524232812164256424927383943772766279512377445862353752
1553673248141594833271238577353477668398555952985513427146155719175859449832113332336421156827571614
5387454994364789579791818253528795971756544992289485682366838846854513114715656942762753868283855293
5469997115691421946676169788884963778433924126424544826696427464195381964518891171437195597475268826
9427544336977452399221413219221892159356258987697422476217661757182458663311955445977521342236661574
4625168363383546281743123765321653687374563436235469329389927231996385284382176827123382536531714291
9382778199531618766126378366711295717957873431288644644749755313761237821956712128381874613167896166
4555581254897143864427519166334964315496416526163978835899992448246344733691564254258546466398343138
2474657992962318782843647445254238239434532378825241183476512529729836667854348816887944616835764197
3149165121817985651131883597658646711854646297727311771178926539452747931934391726343748368523352583
8898111329586731243667261236698669259649142922955846512327815537243165632663713891963945477413199922
5481726256892411272349134634172266357837145494826686462417934144816583527453859959992128566975742541
4882188976774916276448979483894466983293443915515363924665433852688414397684931659813112863353951596
1716227419765429412451998834794463927847224562555699997762679925346848813156637631798798257492681319
4455633954774867171633451764751416468682318289713913227533915134594312346537791352973886653741588866
6754891659895451245596188426934526343134419576317946845768849472229945519991461149685964332263248598
8854225433776972918659691953813335928711733669433432139679796231227196518261927571897738448795392755
9918491286987711968621368316812833854331283637896933147743898238791612547478445812714832553718258218
8699619529934449455672444777286339536315467281718223354716438713889638937487274388224149444171561641
9465593753583872168396628569893461819673481439818318822451522158396481773169184861478278478386663374
3776598561628492244232436257989484898668125942683364226168537117914745947527431529157881487641973886
6567821189482919622712419322347722113543793723871771614788184218912552534791792253215216936254577122
1188769996836878318892439173476369589737652849762814592275881175826778115631795419763519484331394167
2793594691686453467893193753574349927779251743614951155756121121964549912287369236229543222855154892
3146269744378298343997748137212941632999916442776468281456663313394139329996584969862539257435393781
9194554869575254352669831586762394248715986568365736662842849927691548298393277281928197435843192475
5593711325694237355118239563934298916839873353335821974993474731159613582719356197536597225973425247
9559264491378881135845396476398894248497797453688619847913548494949974321387249842484418284375185859
5639461126369293788761911873456167614989519528878492346292977728966878546268134554538512792417734382
5341543396286594577682386957532256579141655389157563973978814877284736766155593341837885151853436181
2114467628871637176578378343737825741929385718873185356931156343127961817794818342115365767451534562
8169823797285833617485471783922648377322637451169773617436365612314821785565766531641187774378979599
2937646763365875861679964616771257864312512784514659496147876739444521271771579459374595213125496727
9282545397369922189347115948393187849354841314867373152817227771352712156966457464237119664525969454
9296477112716997911744267534466391127455936178918792515939514972988948288358554558843241195432457479
5699161149416657934793399596455946364677511829213748487714281546343129799474141176757949881688792868
1672533873168898841548897225142744932976727427168625981872683228124126746948657999169235314883926947
4558168478369735434866222987351265987476348529626563478462662189757844717962366329188763594777496554
3368653614667369249975447288623578827411972537885487798139689183697984648428828766517144367211944179
9497892156643294713587423356548863721747436839619316746621583794817422836571621767485148171839493792
4592613641138976388819343796219667596614282258831225597376351444538891842687263958612245791311766686
9254358212539836743317823579713294843337618619524225186264751877616623537893197864166565134615428261
4913391177665729551973778538913968768459429638328841834267734712796398897598744954186653995172553817
7547211279142112288953663676486848826826176922933348177347495689983741213678526228461539396185432617
8173172922866745717949497833956633815958277817956493781114898899988881572387972236833895786719521225
9362757934638238113886486946333548127384942775294917644992687945463731897895587919831345938594168329
1443587661374627939142465738133763777631541579933279267733516721481749588779338211366164115851836576
4848973878352573924416279365363725369925634454968263995636373374213571247367737647654137879122421364
1397149797348616596644427882614529865186832466689315242239451257528558194955643123243689836871488277
3976469736655431563857393416646984511137934254247563139488446953462948163422268557954331883247268496
6721883928796755533564953785773465194587489554775918148692214351379847358615249655358599353814246654
2911221486969647436562149215738773961621571345175329424381443136831318811131778645441878822725536616
1437431462645154287529513477817658166837343215545198425155867853917356966612469351715929414874959969
6222138381286691933319399767229443561119644723743583118855824837216172923651312541911457216471925399
8213624828231626647683965799581599312429283767621778731811657115492751314588755829827715311691995574
1534581723253367621765446976659332921388846341959419372948322454827379956778945169127338498592537956
8959429114695547976616368696986898937432179478234619871961546725198461349197529337986374511143314344
2544389123696934361628979396339866473942169575722525938243248516624317459183436777229888295833477184
2141359174142679683959228612571841192441914542516419824189154256359356973142534773572676332357371895
6185811498183888846748492545376416891511323358436176958895131962712695426582462853983616745235733197
3898344797535364356438639453982375345599215934442988411171999323561289974122926399593293789336962994
1245224539686498954538727626762551714831214754845661732648894488425519395943114392117584681858376574
6681786244699716494464887842659554197185787468114215211866546522111825387758932663254714697983495913
7358225625119598482864888459246724866375165686627898351475966298855464512563131386542291937432927394
8456861977239529231727726775162714313589742134747847633823978284431297434759868422537591121219231799
1411334282132785386775467188773957829744596517824198692695527853654617141635995364784337852158445695
3727613991357828476786317154253765785615921789965453385678535811266594541733346486994462563525286161
1935726963367432858954656927756535242689744555991844867453996461192372991619758832498167569448594649
4781196994993661874125768637675676174331715848312525576321166719198183217655245986654578616991632662
8298185647126416992928973543264185231483497892248854434534796575466348393261318724966685531394486217
1891432187754812296897981445674157253134186383735329333136815583178729828916597293191548739216679735
6568427837386917628427235183792795614975155278137469938191946354483123147359923781532145686514793178
1284546417474627367812692981929974339927389682433982474294318571895161863398884741575357811683519259
8278894646221421142419145398393588273613944196371818199557389987826856553898435719124994323212534482
7915624455673349974235529973191859362286968511959217298123415372538283179284315919344984422193661718
2274333872249487238678445581315769669614316642181865664717357439749829911351122759866151521933915282
5599947651786867939928974114638624787937412959977359346646192311237689444938188814521432727834787373
1418851142768767545827771779373534372463459574931852938484219243513696328262479926258212418113643792
1529466911813584183471717516991229111121537736379613483919483616416215779474221994549688913558738398
3482382552788298393624612631747641444883375691456266468363242132823411826493478996277237269898482681
4761748356132357883128515452631157653288562256835814997777281377191558246186545474735327986682384658
2128723376126619426889727921412279993794949822654278863732913177276543252965259796914835988614783296
2285386284112975784719846762389673975522125744929625671952783573833241281874315682195856537576165124
6257758695664934375983883633774564355229191372774195997596891289281632941433652896641683284198375883
7931863823297399377324843747637182181778431735633136146251373996845162642293345829277423741594262898
596456912778743328854251543178239118227727312313226527428845722464575565145931583174217956517561738G
