M81837547942682716825659949634772884531361469671959677583691326255918556519684371454577632346512229557535971588212686657755771771424163344973433236616
748135966183378767981887317173511511549541741549188442739399571421813335912193912142862657338631324521891759844744223457926145618273632514641684268955
169331891337266739753961197248664595142389341173973746288386219249491721272875299433942465331887237726579592617318428968989986547919343398331563791343
731541419281467535541435563437675181894372881412291981191853913595626215457776723339948874716297867734374356888668862572444496396853196452945353425729
687258355328331749662776372423756531752892273437748971475817395524788211532511867879157357965858154381843973557941769198926771838827649952763859957681
936417793751589144368958527624566997386393881978879145824657393162196447231457335582862744823774857667168469534795918266237331187174177626247315699152
246716518846278686482918982569317424988635554999162416183915582275889714177761567965779834846629951934476441796261847311186759296977769153756745552943
838529268726811574527317233476222467944932771544297954553811465217128252164716728159397784183651294819266328178958499911823988716944676454784354436593
617394281455455661258525318966827662982619135114618218111259832993197397451298246166694334461548145941918469467598326335881938275454513649683899412412
652618582649933543632176753222633417891693438242693476465782897225165935238556594177318189364565814268856389491463929643127617385836135214124733534983
384882748685261353438241177546398978847854886297129172846561912831873628988758981773721394147833926455427343997593635938313639551665421863293427115441
824528482149823172893446569233678188538796231895713571541289414177866433148523889657897624262334948864575138861542831461115396648779674934472348737846
584828993862119496991243474175372335977155284368549988647974769932813327881939144322947589743568298873685668864184735149114847436587191715943942325676
938694461226318137173217444919738464519786296957218525374959779832542543754361329874992292423969716117656751263677486274487873573688163792874842232655
191325927744814449883198477154254125942658118528453622419799218212648824488365973434468748565545466534815255511335366586882278444667179892759622461941
159355833798177216689137594538465331444677916519554958343892276614866416756467944378466782673153775147573571945523592641215923532917698588597217865448
632144945577537959592276387291419434569946136918525697113188523743554225585972422337899442185172611882635487224987735484852132116787931382613159643299
171625947177739184954973293933143349499332868964612664331262488327969987126475312561155866172465443742553853599535556776535894365839563585792288887818
447455627812873872671655318187667394496397977266391447716112658177477428863632234835896645354958679528157972225264813486454454272315247544436963484726
697859911852844779663842799563773415495371632657499587531923763641425446512419351221546775633772878563778863153242773565119329333254463326392642469217
716996582825223282956752755147681185679988188154439955561642432637928566342811283761489895333363925674364586787874386942392128929241498776236832424956
828411439566918853181815664164888816895656649287828573325192928899797889681432154527925587324452425972537116147252931568677268481471116725945934211127
949913725122761556495491774663374769841578693759961634478815297198259373997925234787562827838694999658361649839492241529531446497279666984856346376723
114739341412914632415751571958197142445357737748274987283346674413825721293156731646111477227673255233144337912741221386171469286287619189292125124649
147327465236936196926779154676881645167298596567587394891162728413947668937228152943881223382716525188245365629238192711652474645664534866497555356788
411285692741176595655626879283837399349768497586282737326512439418547259944918572193622299449375234585262938415554786538234984514862429284394518372866
676234668384314919142361413639316234984163653114828796334421714668444386412264734672626255969185216736493376819384368923499156731876886292244624747376
229736693723633818793276427318494875553698913762126621491356587232447651434475662167814713767966839342761476556922334281934623251513475355824683942217
458111459354128728198328669549877816527975877418311769446943277544631395372155212669268522357139991883118358552358437735379499793334591689638367777623
749467348784595498149332682694776867578533898166413747463156328483469996692583416153764948651618125369342659888825441724896239387876944226472662855164
462348518913833241312951288138848186967393694485685632684391311783248148589984955781476981794468763228421599122895122335568966495912993184883319495449
141489571129433115285135423914876639189152226152417654965153932279673945583624869892337519928736314862833745614382632226552613167543818777778438843942
869446396256786495289616811278724849127569178488359318685636321545586259665365595324714725995799392498599686967511283994337344639158544484273485174684
324437664954984951336535155659446989215685127592574978876462987884545336924534178952789329877912682238636458668693258465994722154531998236488158967336
784835422452899368242258122177165323124167918415653969427214856823693631958252527638426383741875786444697471525585998153358944779669957193852999315993
861711275628212475233461753277614449266591939114179689855964487924434917595725759691652328822439436217117184264531824963295744184281347384842137517983
275842415897568998841668639242816694426271111285668198328586577956915171593137262891553248397988912994717353531449884111263652143987234619148976735681
545135599259141443817351432597345617356994312965661825943518696899537141193155638575921672325787182623441412849691676898636458169364199399425466154715
454314232787483568457619298742375383388266859683995587518193869988497136289575935988711447163596537989593425986265432271316578314319162292681222185648
198999529789563722539297513487883872649856712424587374166637164347158123597937262213953393488764889145416485535478476263656116784787632241831466937569
311237775822647527889714887563382522683733336371291773967541366975575996527829595925245422299275378197954373614418962313873965687435942115824945398556
784282648783352456341784882882179278645464871685933948159754524259191165379742984467179286552271443884323233891682867865928872342453167399594436451693
951694434281854657498639114661956129691556274999839831612815865497894851129898214916674541444174332393223854752455273173291845524937215981242315974951
297166373436339112126733776232891371267287649467725485933588539146767742489999352265395945881329331213861874929826597912698664757628483365659562827316
247343519799749948596737787162313923496571597154228869917273931724656654436286932743413851363278326213798287615547174327397499648776978577826189556345
438629445913578845114973781846721214497482235285215836578552451182871923227277488945472699141889469733198936915574372211737369619611693564738178866523
811894453781542489392771756264461199298689391168121984881715592768143933377783542333782983349288281673336522937678733981374466557164319274385783138138
121419348452749969786544499654515871331939515845596878522222812479749481338987348377254155251738659782423582981397433571939257471748562149164291394435
377629591244998386645214569168452518867521538664549633293974724473587873383965878437869939138918328185913383883895872434511866447932724468458316873215
534763672212832741195735384847832122755454688624491488743813219735398239711788451382956321277374258371488887474326518441513889794412859238886127254123
527946962483942311139717452236953151153274556575356587984485393291498699761787391336664391541452856517935762288598411335152556691526962473995767367662
317226961116755632155815493456788683829153398145651231672816188883629161129561121314438396613771141683612355555272316167619398321482287299714322164713
381174323345556334393722446343756528564631819966934287826343685896159584415258526939541538464281731789383134283237629316874881338495969648969256569583
538885214568841777137446943274956125267764772389869412542663191553118277437632282423669183338423722554529961545681313424372168118187555672299497393353
411932739516954978679914272171459326648927295145862194728333178172634395668861326232692826418962348155576857756884859691756586421818936736485749916251
492519462116924774623541369183943637298753667577799497494291442523884196424722789684515294577972449258446899685487596381152229239663916694269164243833
365332196673711728722728769755383946139971228314765719317248956899651979687765839248445911533757466613765629123533415443475849386233953363696367767944
286436195183851491884792291844779224554357753751255196646753427745111165673572692182582872212427515784664257875825368785976128961319817589937823931919
942887215615141612712611665392688451561299584496615383784239945749442689619297537496357443114276777614529883879229178916484516334439936349248431322489
341521135433665488816755277441871399928529867543873334922195623127193497536737451348531127882163853292669116159468485139245424797123853267598747375955
761338698466779337827878338867176496552353633389689811576198887634287166139289594939984491421628156573442853429399861116143326473941389151968769623599
431217435311581533967631397367295396462587121725888583349273755369687531665993824795962411978542319334812971224977329911482219197782993169862661396788
915124747848911242972111111725847662873997849321276697374518957668184943654548566372512678585499437476695431239678224888311838895313762634373368943621
364643278996855836819681962122944555493315399932916652346947315414948317675823783828555465751851515733176772336714187856618292448287721276671481548389
335478959549529612886531696712428836765329834177591349654496628673554358188531369878477126611618695586858691322325322365545326736266532153884857489639
716147681416681861158412646255341144555857281861469987486255922319796231714961366472873725782939675241983558853928937275441996845582772975951664458182
197426197748619191147435478496593342763931783761182274914831932789656161691652623259149549335659373417992852998577514124144342479929745889195467895593
841475519732844997595832274613116657357954966751567141222966382354646465422393893893213171259274972188459588268339938381643241697553335368688229427686
136453525176711551926649685844775543118814724815663121197919688761418248467253239481479184333823319484348491211123251779361427831273521323969462351343
199867651519744716918498225665148335119944499524453873962633986727134899951449115649857782148838744275376227443977457162797895216184363467143968629691
699314733718189734965133769419713543239661141996159375931535689618357274957882678344367717922947724419569462718345694935357241745541896521471411955357
673337833823216718578216668496764631222156471782591975828889794656299683413123472622375711488441527593212111586837623387933974357827764828696884812463
749728945586389261476256475295261515631683781796942257197941598777831394235757994979724968727841753384678446435972921924697115143611144133573118698112
644638864374287516189942436614553843539622258587884512434552426282831896894453139272716697193171682893623256543969584413554297282331965175986974195486
227938635349145859527221144257637361681687958713324176718333768679519193842332975327388154575242539963148751756392883954714872546819876319973449742465
121961447699616273985359963753684469697285891271417229255973997296452811439832742518913799296825349315695953918438683316818644628312551982581722359819
313596914542355285434351498924329885764118959636771372751868835243974271454324535468296291798182111749244678763322142342374858571685474993481155467798
655998336992915396165587144678513534971374298856519172924334553128796887686131853927294136192354423434218588115681683675166124837941654849312978818521
895112479391911599184495465434562871642466729868972766892594517393376718316822572618923957946932834844837989148974495422529441884648856398851659531856
533741228388289512339278121221931576712414394845439287513892734119293358911967661251242424149157937821966559367824873611646991649566426627962554757849
473694762633692999738951246483545941821399763881754111692134637781823254618143259297866151384618338522326684392551495884922971672899443787627345631551
251535219566627113927591977222437397791231262369993827955621613341527356322931329725526641133574393475311791664225643314445344168186149948598354897937
416975867724966988678453643391921623139867325233193793828113478194642656337479979734866378522723315734155313393915393681578115497528449578842625822876
527929164932648163575129299712395276838739556328527747246284915726555596535888262691598764255815321764364991235918452666145282347935627865779171951673
934593272445977623529619491942238698417141544968143918585497993381561319114181953529748249539169896713718669468758567334565295373275513167329877445744
239573459882648925261714617969875733938673669411547249582787535723297283717564771738516466558262173756494537238931646113563995625843958639386286581938
178162229435264498637646374439511262181745744113522143413828989566311316693697814317964236665894997954276168945931332256215587797624356827588368556958
662921662199632515758688833941445785334446584112119643353549236649731662915861242313123548868578425876974337691936376853781155199597922567313411627764
741968298857271483294993616461585345538189719628321814532942872363349756869325986263829369764122895191114673658862473644169259999892768146151287314811
887234762797876345438699689421636193744821937377486939176567252164658362769247666443563914942394687686953913949621655432434335775319949948829217289641
442991318548827943821314128357487692947432698144825273948633872221411166645566339279254823596351733684797969118675784824724265951532451148327611881236
976595432178834729594496538774181476148774999179714451191894392167281258279994945566561598121297478239637316784216971748294518494712824791321766966167
454412223254223112346717375549826452184179194334266322487274459924496757614413889622775456372354617111361719894568133843253557434619488362763735132243
239638196917241261852626592868548151191436976144138679975977558182453782119239563357752249676556599923246952597576467197568687659524359437116161293519
341718353543157676711572398383884675896489445549293893792358949423232295165324474518755218775815567668547977852123572921614666281419144239934322998586
642581544335365883114232149347552831482821273266855985242237447586447593766336494668299411485195166739468615717468571576915135327674338379694968794316
355541437239729296483836268743927565636415447631887895347229723176318984355692722923192342969886969534985594176994631235334926784298267536141417631549
541297768638723477129494713216355385138178288126478614686314216191939856598564423848413382179741921695365958724619676922721589881485159376547713838294
897956275538811323612955869327553982879775634622275776435297224641923816566449175231847992277241565319692933349776773724673619141815791281785564487629
268826783948653896673853945741756172937353323563386183718975296125628832353587635495675876619218948931957895246933693433511759838972835748789267872971
994299651112519491618261946658861486238243158444991545529433263887382971337266979952859192395924595121684698921341125523694522283646862967488813192153
869358658245761197445964963973289466389342291983881791352457952623345529693541353394674753161875515148623839584759176328392791111189595757413594439118
344156975699119483964555783422122116949591895859348591537789874649135991422783166168687976256917317361387469974459564767352953269131423546512549588454
296422892156333597112167227235658553923949834963141886947279768721187414766823747112133397135473432861951267792785837847763178158269233979856373495577
156513878321497397267347453964124225886417374965954518538546777499472716549484888593812946857869584187535311259211692555264759582427898799226476586189
156251825832496882213289893652571967438136565943176729348444443747979226126393152845334166315489942269997857522982287537275734225585867799398396465141
765137426191848453369198493639819442488422983233278152964685941624587767231697432961829224741471543353574183147784226143112122474298823375751357953387
243582885769819435426134466711474491517382712594821268338885988166842829694854786956138378924251449331377744372214713524431423438739738156379193194991
975581199995171199874514175267369146832516832774346998288665247575724327274911237651811589621358566199558253894318186178319717293152647161711576413536
175969148565517219335221256479767311855371546489946211162186465166312951916236574448741642293652337234592995538148263838334342234923782415499235122631
418156758678733432243942418833557165281899157198913547987613129534516336143548453135576822338536252478713198547536953121558319947728585681516437153715
468898292498886629963677442546213347824714998271971848987572913783517251373756563964334152884542625114462143212344414516253531735411197665423472326866
633798774939236784689869195913357931164646113836948668737429696523829555625573437344689727775975576271769365221589896245587382994499186468919486384518
272998276412144117461621611288818269648972146958628746997941926955226963669489245111562976231439536552552859357716115375739194948814529841753961723394
889668241892174362931248716619499943224497142148718476317889756383691627936221576873521196874292694984315861246335715991235124331535926229348523667991
339244738671758712253248362824995982979834712749528797169679677219161556819313216623691137178595765936368992556446221186641885961346867354392525452221
281446787386274564852822555135837579949632318595839859593888878973793147245664899254257889948815771469634363684799258389875247872873951484457981228957
653234151916151998464365643163512145665415551438246958312748336385928434194323621217227431192221482667531487447835622864611833164213289749424814892454
174223642436419498393327466953553162284891957293753322638337956753386227583713232585225583834374357863672761688699786931256378685879823437779551187491
197561661699844678452558882383175969361161141394523266196531244252139456631745363611981275541359388562955356222391843554356189133914544412614314372172
499512528287629948247445727816946176128849245498995693473449226387523514189859426615269464818221479597536741975214239734786667231314882337295193898517
311653784988138246731717627196276677124117493967513135347333326598193286147639789762249747779655787464269694922994376495681857997438191369894138364456
654131815268475634527875365357639949623579335618742479278799566493934321153893761891452983695472538782626837136519154849238723446422387334761216741455
839582432573112271517979391287759891578218822862686593713656863588933599183354993736436331428362847738126871562242924887629653161439574597335438144243
216857838969769835299835332385269235193497876926385542259876615112427327452842896585418192997439817474394763919573517269854271551967821938728866434489
955588455939618239938488463343599528162817931968817919548448136682472841829612541885537674636265497375161219954794789127437653883944668821526891432144
256241356486458678657775865795198776279999181974695345534276398115516613783151821676727471836384987582216233327215535669153735416963227912223436555491
628559772562914519385562356536982722349226728327283266655352593133734736991782923798759226668868367669683592575913636421889528752513237463868671741827
432198778878395448549123157387787825478376478375484897385316176997183287231685948965958557563538174846523315941839312421332621466965451299868271663638
621983668297571763891489653839341494836422762933778138822586467951158548957951956267874713635745113591891796349239287673472289599696829973483976881347
576312632683376931466375548679827133879611563945565269779172453258576227221372166883143398985814638167713224115934213662987441691697328167117991356753
971464495699181879111449249232296244451183525485547887917446586626265125863414432738129291553644797169726247637352894647624723419764694745414996435669
578422421686134871822924499271626977432225264358271698531728253348523649169746932194286321531826927947151351793862759177319969119525337641114594336668
485728865671944425931132459789471535669645255264516469795281426961642417121337978182232851759373231364872867151617641847266533526281623512889561556148
723742732414117768875446848273679283913914535621921445287682517129624151927246988871738236136772989323387796399632446774247724726632973363565922877293
617586844192692789776388915252596967827973127275268323141656228233559987924867187968485474466585549389395568126545267666235826119819945268731523181644
397175815941616883912929856669536895651392213621234839875961266165426751441165364742257613326813445181484436386416482861469247911423645381889859258742
911714173678679166921291831324137818596991591972236963736878544351163871944998878123259494724931521678669854557317161357456784144617184181984828137625
384126597329942196754861442634192776989341286432378641853345593444458987487622686332532339427398438367591267674749796359515425864187121271213365917134
126229667178625272599778123129257197911925132479235466575759853632156683434133921942525571268127896792674753176285783276332678746178731418594694531661
876137722333523484272369729676846457743967167142422459363217744189891653969918556231561218576569569522525344821914684367163867965361331116663896361295
442299768118471116741816754261337596784436891927813769948731976825125954747682428946795133852989177888589615262512832322666922192293762595613653941758
168175485888567916299153446379315181543471618243297879461379413876888196724391836967345353881742961319456949512227335598566213546157514146536621228428
984492328535966287655512393554429264818348167956138271551845712438872889725171277528184368715136622667926334182823237252913668278125578467354998148448
654698223651491585386412346357552672538222437652591381716937861427529359367994732522125153899568238648925243485526138887449976993672592422216755932217
128266757613392712169167688213215783836862228448631288495192392736757889992186362454497638697872561962223193262444549143761517543881114693277478498421
238982962634235714674429445949877125333569284864751998346985337137534173295467198166919124285128112291225333176595787143558725925379957195884736218231
373697298721444392698652156858565486994747556288457498132723933131639689237622671564976353555821337648829858539852313624993512744431591517578845593384
343762489722158915467618168889941357866771794794312323494956861969631611781289479828549451518946441284126796451322442327791933119535326297947757616453
34817934541944973684237676648913292744747419626366737787119521644384787345194888293563478393381148968862131354382744318788845453575651524482456482876G
