M956978756789558886858757888697979766768887758997897986988989695889776868989778967999768556868867678
5767899865569567977978875878879965956896768856559878899676988887699958587868685897595676658596675556
5785556598965766658778567875598669995788699979957559677686678959556796857696775568575778879556896855
7988586678955899969567769876786769577769955695875656776667999697599788987887975966898979859688598987
7877878887896557795685867655975955785696759578985988696767758975569966858976955878878679977978969855
9956885769869876959878868989579899758677877978586858877888989958869858878566758889679758898998597766
6859997575556598786896988788677889986766566966789869985697586579585578698868655597777896767896969677
6858665598586786757755958578699865958798577669787766657877596657679857595986967758885598956967975785
5856578696699986675957557677897586559987957666657885889779858896858768667696556597688667885997998597
9876968788686678588766567787757976857885589676756889975896776689759999885876696685968675889786866586
9868888996578986757996688887569575678665667787999987885778876978998978776656966957768568579866965886
7699759987876588965885799879979999677968888899855775669595769778755857858976975679889768695559595867
7659787977699787958576675887957979855969857656796777677687857769867878897759686778595657866777558666
5586988695789598666698797995755567589858667655689997977867659558559969686898655757888766796697588776
8898685859658578857855766789676967687975697858766758866857878855857657696976559788569798866759589896
7576955769586878776568758879767979878796787798786885666798985679765775686897999888585659888556585568
9575769866979675695577966868689899989887695558887897767768559569675778575597776866858865777697686899
5998865559598799668786568579766666589778877887585656675867769889656859595767886576599665877978779687
5895677588865786867577665955789576585565887778988676877955699998689567668898778557775876565559769597
7858768678566599769686599898967867895568989995795598986756768587557688866678766799677565885659998796
6866967678676685595958857666589697587958968687796759857768889957699666657769595767668856879966566679
8766869785678879657557958786596959667698598958695978877756866997999969775765686598798787666768798897
6556779687765767789895666877868898599566856586878699979865686968798766975696866669767899997588656796
8758795699698977559956679589557667865979679698687666595795756968587789785598796895587669868955678699
8768689655578766686796577659985969556778986966679965788566577958767967588566996898556658887579779877
9598568965679989559597966996859795889878795999555799759997986679998858889859996668567588788586869678
7999767586566589969959966776956696799696597858857576787789977558968588798599589768788596567879755595
8568797785596768686875866787755997568765987687576567888568597656855777767585669796758558576866969899
6568697986756999759879697885586565897878577567965798569978567898666555758889697596675885779999596686
5997968675576877586658696587665768685979787759865787677866959686757887668885666979979798776685877797
5657575988688975669787875798957877768896896887567589867996556558666667797685859896867765695596579998
9697778657878887999958996598897677789897689995699559579676587576657755977677658987867865667679775877
9697696967688595987575697797899585996995555967755755687557668666779868568757788959785799885557595785
8559969895566875859788978689777798655977768687758996596887875557676978989559667689996976787589669995
6769996897966658886979888888579858558588786699597966786877777757699666566878757665988688967878679758
5776565858587756569556785585998577879569676866989875589575866599877696795985775995888956856966797796
9895596699979576876797555695999998956589678988868656776576877765898957786596688856769798857665589865
7595669677997957995566688859565775697597875785999885576978856696975588696798969567957778788895758769
8657775868679686867578696976768557879565965567669867676659866666757976757779665879555656857989565756
6967885699576886655668665868956697957857889958859675979585686676996697568876595659689589799757575995
8587688887566878668659767959989779587858798879957559877559897557696986869895957968686689989978775958
7985675975957777659568669668565896579688765865758855896856869796668866666886978795696868965778995667
8656898998967979788789966776899576766997998689999857977996555777685986659659789685866858568599759665
5776879788986788888955668587958988585797578696667865566658876557669659565865859688787577956969958986
6766675767665869569757597756955878997878985885787686899685956685979789595859658885886855667967578658
6589666875898777995985667995767668786679585795996795757966675599958799599878885876699789868677759665
9898998969578768877686579859598675997789698799955667888668985776877695887865757779789979579556699978
6586596565688775977598758989877785866795589978557855698679789698779768955595865576777886787955758889
5757879967757996567997985796868966759579858687958955979877997978667579856888555786985565859657859657
5886559569677898965868889888697679975757686976968688858586998679897759899895599656786979888987757967
9596569978978975555857597998589998566997999876799967977998865859969786697677857989887889687676666688
9679688976799669757557975765586996888657598979887675899596978695895599559955979598667585669876556558
6697669756988767787865975666685758858896989689558786985889766887769977965799799969888855566658588567
5657897877998858959767595679999585975755587665788775569679769698859758669757756567657899658878978898
8869797966998999597877565555857578898767986597865955975685987576987956559969976777869987695698778866
5969686586875575688795686998588856688967556558856967998757568866758685957797858765667785969869889597
8768667579959889697559887858555577966567755868699667768867596577699689999588998797766768659767567789
8957859575787885668889799569879985995975855696996867966879897888689595759769597559866986787577796656
9877595767767796978796579857656788959669589978795769877655857988986956988695768575877588577688895656
5588968769868567586596596575876578597697857589855995788798989558755757656968977596578858897688695687
7559985666856859666796578877577569878566699657977676777999976976778656688679998976598778659878678899
7998865989977755777888756895986578866987556959596768968686966958759796967899675675557895797888595787
5977857886669577969996956685788986998655786955859859775969976975866556568756989998999967595576788775
6969898987997858557777787958768955596655987886687757587569786556785785558875697998779866566785779889
9956586598669667885679959766799796778895897859588695687658767755878656866559867896557755598757997777
9987877555589867979779869755985585987599969688877898997577565656677887559975568589988997966878588788
8678896968789988598955756565559898776697868877875695766667585555789657599897859657777579685578886787
9697695955777795688976955789889877758956698657867588679869987856868797679699778757777789896665866976
5579965756799876969896568688757668956786676558887665597597987898576878959598877985867557767765688878
6656798898588869975785897798695987865579659875588678969679676579698977675977859668588678798766856695
8769986589957755779769568568768857555896798687877779597757659599787965889698898775856895586958756668
9975988967598869579567556756966886656865659869867997655588567665985795886799665658899887565578577786
5887756588558688878985585979765879558598575756786587968778855678779856559775859856987699968855887767
5599595878967869866579556769987588898767968766559569685769975955859898977765589676565755568896767778
8589567655986588988569555977888759587885959576685855868769675758559798877658897799897796685658786869
9597959858968766556579967889956556756777699576865966957766669889675968587755565899555859689898869656
7798788588669699697777585755977698579869556799798979899867797797866696569675675795978999765688779576
7597565698688888897699679997656685659568588697979796596878656799568558798789676796855789597898768597
8786799786576699695596787958869866759666578567758768786588899959569969996665996868775875855876676797
5688777798868596799859875588757689869657987988858678799979767989775666878776598958866998875576599877
7999575686959779865887988555776989976958888867659668559799776975856767769658798868896585765957978787
9569956598659976976586997696858856986687757796686897687895697899585859776958895778885896877886699686
6555699556598595968668699977769868579759775789855985585879998786566998695795669569896887696995569977
5785865758569759578988669667658666879575877765999597755575955699898757897589585796789855778996876756
9855565955585795596866977586979565568575775795959957755768988857568669557879798896995785698685785557
8989687595956567556679566895695887655785958559676976566875955988567565656569695559768888559578977696
7786868579698778957699966958877766887675557876966795595565765995866779759765989766758588586875769786
7878856959797869556557796967797998985887986975869776555655698558795679895688587885856576998769786559
6587885959895665869989756958699698958968599689987966966889887685966777767787586569985565659669885858
6887766896685985569968889875898958758559587666788755686775575569655966976596678868568659665795897587
7675579599958667796857996965966787987766677587588958785786599658599999976678667866978799797668869598
9676659655997995999885597778569965797855555887856767689567675589985896567765586587756786567569899987
6678996579578799869868868599969776778688886578659867768598998788878878786975679758878996778556789587
8995976585655796595885969769585697575785865685959587777659559669766667988959665857858575986759855595
8699966958698867685978876958788757677977565889857866595988675877867958675557955787778669689558756756
5855686959679769889669575877877598856797786985977969668989597596858866685575577985569655577669588559
9557597755558565978985697569767679766975898778969555989696565557956575676955667577657997598879556987
8956795987969756995569856689896999898677558967579999957965857885966676897776988759956788885998556598
7859579798976559987677686966876566976956589867956655965755689887567967957576757977765587965559766576
659579767789556676755875676885596599766795698695888559895785575596855886789697896878656698576766858G
