55995886568888986967768995798976559859979855977587789785599887877667667667885967
76785776657558596569756796996675998566998756765987897698797665698596866997887967
65858778577786555756858687965958778886887889885576698885695667657757997799955985
79798778678965755575756759658758769878568789877769778698876877976966868896695769
67576968779788785796887578966979998995959798859797855885567865755788787599959658
96857558796879878675659758587855677995678658987665798895688556696878657857969585
98779987885985775898776797787996855879876885579976769958555565798965656798588588
97577898669966865595979787655897876599777859987669668578756679575568756757988857
58696897678757666655586875686876578897896777665698596967576576755879875699968967
55575685777765869795959696588568978556595958695995669755998799579595799777788768
67976868698789897777877789859869689787857566767997959889957879856958569889755587
66576587769779698589696689697755897589788695897578565997667577987775886687855775
65995998566699565659998799959985958865858776977695677969677875567575777558796778
86865867896987957989775966588586755986659655985877885588969765687795587686966598
85698688989598665788659767789695859798597757989978999675776597959557757687958556
58858695897656869776686968775788775897898566668796896556676759866975587975675686
65598767995785767788759859655576669597597878777897579855775765657687956958785986
67965966878665568578589896969876655856576758657765857899597656897569867655767987
95876798879899566995677687699765677898598656857567985599586559996757887896976596
57956865697658696579865595789997587977579966968866895988967997979878855957666779
55979987759576657777M55555675877889798687688597577898695895588687666769857869766
98859556868578658589955776659896768987996687789957865786997998975755865789866586
67766965599678877786777576979576956575556757988757876778796869568978657876866599
59985757795668857868968855997588588577596999668759796757686667796785569798798768
55656678587859677559596677865678588669867569696879578585889655575696896958578786
78866796767799776985975968798899588677589589578885658757685879866676865598878558
65987557555676977959997969667697797956656865867878989599878957579685895689966587
75565589768758869886887998558966885958898777768769965859676859855675598597675865
79578865898777756975655986557578957898857755757688559759668978767899895689878689
55787885896667577966786696669587896787695755679866998789989699958867566757566899
77976675578868758795865898857586857867955576667896757796888578676968875759775798
98566785585566765567679866895555969778996977655685659866985869886877899786988857
95955766697956788768768877868659688777595799557876886656765566597889886786696787
56875566667658687868887985567657595987899977859889666965776799858688866696689656
95968877775566688798598675875559787679969686778777857575877885779567767576776786
97766868587799559776967957556787998765857779679678668578885679556867865857665985
95659595788895976959989797558955779587677576895659679675856996855959759665767686
98976879676897688698978757568966665596888575566886795588766999966778598867588567
59879869867775688758996666959899597889579866798777669985797688986678588859878769
89879788597869555695756865985769995767566596995567677869557799657977575757866558
86777756696576889755675567779969965558776589997989676857786875895857595676857569
66985576686669778585977868866797956959895697979595757759599585697699667965776675
57865678559967789788877679879799896655965788886557688795785659758968995868897959
69695799567756967888569657757789655896679987767757985999958567877988777668576669
59699977966896778968757569698787985687759879795656675999679789757599886666958569
87978567995699565997895558999796876588597698675958789599678865658786869899977965
88956879775797775989857787667655895998765777798688569886565588767999796587568775
57678859797598589798796576996879877565879868567897597858656665596765968676599969
77899855967976757858678576959596767656887855668667757579755855957656887656799768
56856957675587868567968677587669695957589795687595886859856588657557988958897557
89585665979556578695989868658678888956889775567787889867968877856956597766676576
58579679589655975787879599886897889677667995656579575859776766589975567876867566
97955568697777567756997679877589569775598678689695569559568756798879987776875566
95898587987669596779767758859557769655796579775987775697858667579758988677865657
77767677867795669856696887978596859875857988978695988897655968568589668656876957
88989986797875589866776979958559887758769797676967686578685959787786599976658795
67666987559655779965989587656795999965566966999568566797976686956985555997665787
98886656996576679556669985889767988686787765658599999768897795557867679558955566
65787985657699886775588558595595556866968776665786966556565995786658767567987797
58685786976996785698595788765595765958865559796577997768556G95687559779876699595
67579765799658586555756575669568999595956886755888597858568879978875556757897577
78958698888787769669766967967679765697899586758855857987979795666859998588995687
68786986589778667876889796657885565887786668958777675796795697966899686699667955
56787958959889879878998799669589796555956698779579688657875578959676977677577785
89679758759768788596869677859697786957786585865778977956888775878897857957667888
59777978879985878599755967688855768665957578899969965967897976785966996875795895
55579676789995778855797759788669597697996886995675975899566596969899759578888985
78675755769887789576976868789959778568659599767679857669896789685967876966697787
55697666678989957966865959966875575585777859997777559569995796685898855556775699
65656959987779766558885555857599798956959777976985777887657965977785965756655879
86967687687867656965958685775958567956689776975885886897865698595876676959667758
66685759987675688996876856866888979868987897578658795789676867796986995795868688
98966797986586797987756696975758967956577859998776687777998767888565566965997597
69986658995597877869669997878767999555788766658977955677566889657655987697688786
96579699688899755566896989779856859985699687677958879897669989555899689596689677
99568959586877867695978575556876676897989566878987758555958798767569778565789967
56797597557796689656998968979799596677758756955589895899978969685778567588696587
59865777656578959877577997978998775555569659676559769859695679988889788578978679
87959656768599755877665969597679987987875675979885786977776996987657876897857666
97976579767697596885757569967556979657797679758887879877966959586968968995898697
