19999999999999999999999999999999999999999999999999999999999999999999999999999999999999999999999999999999999999999999999999999999999999999999999999999999999999999999999999999999999998149999999911899999999999999999999999999999999999999999999999999999999999999999999999999999999999999999999999999999999M
999999998888888899999999999999999999998888888888888888888888888888888888888899999999999999999999998888888888888888888888899999999999999999999999999999999999999999999888888889999999981499999999118999999999999999999999999999999899999999999999999999999999999999999999999999999999999999999899999999999999
999971111111111111115999999999999971111111111111111111111111111111111111111111115999999999999971111111111111111111111111111115999999999999971111117999999999999851111111111111117999981499999999118999971111117999999999999851111111115999999999999971111117999999971111117999999999999851111111115999999999
999111234444444431111119999999999111234444444444444444444444444444444444444431111119999999999111234444444444444444444444431111119999999999111233111699999999991111113444444443111699981499999999118999111233111699999999991111113431111119999999999111233111699999111233111699999999991111113431111119999999
997112999999999999631113999999997112999999999999999999999999999999999999999999631113999999997112999999999999999999999999999631113999999997112999621179999999831113899999999999621179981499999999118997112999621179999999831113899999631113999999997112999621179997112999621179999999831113899999631113999999
991129999999999999999311279999991129999999999999999999999999999999999999999999999311279999991129999999999999999999999999999999311279999991129999992119999997111899999999999999992119981499999999118991129999992119999997111899999999999311279999991129999992119991129999992119999997111899999999999311279999
991299999999999999999991118999991299999999999999999999999999999999999999999999999991118999991299999999999999999999999999999999991118999991299999999119999981129999999999999999999119981499999999118991299999999119999981129999999999999991118999991299999999119991299999999119999981129999999999999991118999
991399999999999999999997113999991399999999999999999999999999999999999999999999999997113999991399999999999999999999999999999999997113999991399999999119999931279999999999999999999119981499999999118991399999999119999931279999999999999997113999991399999999119991399999999119999931279999999999999997113999
991399999999999999999999511899991399999999999999999999999999999999999999999999999999511899991399999999999999999999999999999999999511899981499999999118999111999999999999999999999119981499999999118981499999999118999111999999999999999999511899981499999999118981499999999118999111999999999999999999511899
991169999999999999999999981189991169999999999999999999999999999999999999999999999999981189991169999999999999999999999999999999999981189981499999999118998118999999999999999999996119981499999999118981499999999118998118999999999999999999981189981499999999118981499999999118998118999999999999999999981189
991129999999999999999999991159991129999999999999999999999999999999999999999999999999991159991129999999999999999999999999999999999991159981499999999118995119999999999999999999992119981499999999118981499999999118995119999999999999999999991159981499999999118981499999999118995119999999999999999999991159
997112999999999999999999993119997112999999999999999999999999999999999999999999999999993119997112999999999999999999999999999999999993119981499999999118991139999999999999999999621179981499999999118981499999999118991139999999999999999999993119981499999999118981499999999118991139999999999999999999993119
999611111111111117999999998119999611111111111111111111111111111111111111111117999999998119999611111111111111111111111111117999999998119981499999999118991189999999971111111111111999981499999999118981499999999118991189999999971117999999998119981499999999118981499999999118991189999999971117999999998119
999971111111111111999999999119999971111111111111111111111111111111111111111111999999999119999971111111111111111111111111111999999999119981499999999118991199999999711111111111117999981499999999118981499999999118991199999999711111999999999119981499999999118981499999999118991199999999711111999999999119
999999998888888721699999999119999999998888888888888888888888888888888888888721699999999119999999998888888888888888888888721699999999119981499999999118991399999999112888888889999999981499999999118981499999999118991399999999112721699999999119981499999999118981499999999118991399999999112721699999999119
999999999999999981499999999118999999999999999999999999999999999999999999999981499999999118999999999999999999999999999999981499999999117971499999999117981499999999118999999999999999981499999999118971499999999118981499999999117981499999999118971499999999117981499999999118971499999999118981499999999118
999999998888888871499999999117888888888888888899999999999999999999999999999871499999999117899999999999999999999999999999991399999999112721699999999112871488888888117888888888888888871488888888117721699999999119981499999999112871488888888117721699999999112871488888888117721699999999118981499999999118
999971111111111111499999999111111111111111111111115999999999999999999851111111499999999111111115999999999999971111117999991199999999711111999999999711111111111111111111111111111111111111111111111111999999999119981499999999711111111111111111111999999999711111111111111111111999999999118981499999999118
999111234444444441499999999114444444444444444431111119999999999999991111113441499999999114431111119999999999111233111699991169999999996469999999999996444444444444444444444444444444444444444444444469999999995119981499999999996444444444444444469999999999996444444444444444469999999999118981499999999118
997112999999999981499999999118999999999999999999631113999999999999831113899981499999999118999631113999999997112999621179991139999999999999999999999999999999999999999999999999999999999999999999999999999999993119981499999999999999999999999999999999999999999999999999999999999999999999118981499999999118
991129999999999981499999999118999999999999999999999311279999999997111899999981499999999118999999311279999991129999992119995119999999999999999999999999999999999999999999999999999999999999999999999999999999991159981499999999999999999999999999999999999999999999999999999999999999999999118981499999999118
991299999999999981499999999118999999999999999999999991118999999981129999999981499999999118999999991118999991299999999119999113999999999999999999999999999999999999999999999999999999999999999999999999999999931499981499999999999999999999999999999999999999999999999999999999999999999999118981499999999118
991399999999999981499999999118999999999999999999999997113999999931279999999981499999999118999999997113999991399999999119999111999999999999999999999999999999999999999999999999999999999999999999999999999999511899981499999999999999999999999999999999999999999999999999999999999999999999118981499999999118
991399999999999981499999999118999999999999999999999999511899999111999999999981499999999118999999999511899981499999999118999931179999999999999999999999999999999999999999999999999999999999999999999999999997113999981499999999999999999999999999999999999999999999999999999999999999999999118981499999999118
991169999999999981499999999118999999999999999999999999981189998118999999999981499999999118999999999981189981499999999118999992115999999999999999999999999999999999999999999999999999999999999999999999999951129999981499999999999999999999999999999999999999999999999999999999999999999999118981499999999118
991129999999999981499999999118999999999999999999999999991159995119999999999981499999999118999999999991159981499999999118999997111899999999999999999999999999999999999999999999999999999999999999999999999311279999981499999999999999999999999999999999999999999999999999999999999999999999118981499999999118
997112999999999981499999999118999999999999999999999999993119991139999999999981499999999118999999999993119981499999999118999999831113899999999999999999999999999999999999999999999999999999999999999999531113999999981499999999999999999999999999999999999999999999999999999999999999999999118981499999999118
999611111111111111499999999111111111111111111117999999998119991189999999971111499999999111117999999998119981499999999118999999998111111117999999999971111111111111111111111111111111111111111111111111111489999999981499999999971111111111111111117999999999971111111111111111117999999999118981499999999118
999971111111111111499999999111111111111111111111999999999119991199999999711111499999999111111999999999119981499999999118999999999851111111999999999711111111111111111111111111111111111111111111111111115999999999981499999999711111111111111111111999999999711111111111111111111999999999118981499999999118
999999998888888871499999999117888888888888888721699999999119991399999999112871499999999117721699999999119981499999999118999999999999999721699999999112871488888888117888888888888888871488888888117899999999999999981499999999112871488888888117721699999999112871488888888117721699999999118981499999999118
999999999999999981499999999118999999999999999981499999999118981499999999118971499999999118981499999999117981499999999118999999999999999981499999999118971499999999118999999999999999981499999999117999999999999999981499999999118981499999999118981499999999118971499999999117981499999999118971499999999118
999999998888888871488888888117888888888888888871488888888117871499999999117721699999999118991399999999112871488888888117888888888888888871488888888117721699999999119999999999999999991399999999112888888888888888871499999999117871488888888117871488888888117721699999999112871499999999117721699999999118
999971111111111111111111111111111111111111111111111111111111111499999999111111999999999118991199999999711111111111111111111111111111111111111111111111111999999999119999971111117999991199999999711111111111111111111499999999111111111111111111111111111111111111999999999711111499999999111111999999999118
999111234444444444444444444444444444444444444444444444444444441499999999114469999999999118991169999999996444444444444444444444444444444444444444444444469999999995119999111233111699991169999999996444444444444444441499999999114444444444444444444444444444444469999999999996441499999999114469999999999118
997112999999999999999999999999999999999999999999999999999999981499999999118999999999999118991139999999999999999999999999999999999999999999999999999999999999999993119997112999621179991139999999999999999999999999981499999999118999999999999999999999999999999999999999999999981499999999118999999999999118
991129999999999999999999999999999999999999999999999999999999981499999999118999999999999118995119999999999999999999999999999999999999999999999999999999999999999991159991129999992119995119999999999999999999999999981499999999118999999999999999999999999999999999999999999999981499999999118999999999999118
991299999999999999999999999999999999999999999999999999999999981499999999118999999999999118999113999999999999999999999999999999999999999999999999999999999999999931499991299999999119999113999999999999999999999999981499999999118999999999999999999999999999999999999999999999981499999999118999999999999118
991399999999999999999999999999999999999999999999999999999999981499999999118999999999999118999111999999999999999999999999999999999999999999999999999999999999999511899991399999999119999111999999999999999999999999981499999999118999999999999999999999999999999999999999999999981499999999118999999999999118
991399999999999999999999999999999999999999999999999999999999981499999999118999999999999118999931179999999999999999999999999999999999999999999999999999999999997113999981499999999118999931179999999999999999999999981499999999118999999999999999999999999999999999999999999999981499999999118999999999999118
991169999999999999999999999999999999999999999999999999999999981499999999118999999999999118999992115999999999999999999999999999999999999999999999999999999999951129999981499999999118999992115999999999999999999999981499999999118999999999999999999999999999999999999999999999981499999999118999999999999118
991129999999999999999999999999999999999999999999999999999999981499999999118999999999999118999997111899999999999999999999999999999999999999999999999999999999311279999981499999999118999997111899999999999999999999981499999999118999999999999999999999999999999999999999999999981499999999118999999999999118
997112999999999999999999999999999999999999999999999999999999981499999999118999999999999118999999831113899999999999999999999999999999999999999999999999999531113999999981499999999118999999831113899999999999999999981499999999118999999999999999999999999999999999999999999999981499999999118999999999999118
999611111111111111111111111111117999999999971111111111111111111499999999111117999999999118999999998111111111111111111111117999999999971111111111111111111111489999999981499999999118999999998111111111111111111111111499999999111111111111111111111111111111111111111111111111111499999999111117999999999118
999971111111111111111111111111111999999999711111111111111111111499999999111111999999999118999999999851111111111111111111111999999999711111111111111111111115999999999981499999999118999999999851111111111111111111111499999999111111111111111111111111111111111111111111111111111499999999111111999999999118
999999998888888871488888888117721699999999112871488888888117871499999999117721699999999118999999999999999871488888888117721699999999112871488888888117899999999999999981499999999118999999999999999888888888888888871499999999117871488888888117871488888888117888888888888888871499999999117721699999999118
999999999999999981499999999118971499999999117981499999999118971499999999118981499999999118999999999999999971499999999117981499999999118981499999999118999999999999999981499999999117999999999999999999999999999999981499999999117981499999999118981499999999118999999999999999981499999999118981499999999118
999999999999999871488888888117721699999999112871499999999117721699999999118981499999999118999999999999999721699999999112871488888888117871488888888117899999999999999981499999999112888888888888888899999999999999981499999999112871488888888117871488888888117888888889999999981499999999118981499999999118
999999999851111111111111111111111999999999711111499999999111111999999999118981499999999118999999999851111111999999999711111111111111111111111111111111111115999999999981499999999711111111111111111111115999999999981499999999711111111111111111111111111111111111111111117999981499999999118981499999999118
999999991111113444444444444444469999999999996441499999999114469999999999118981499999999118999999991111113469999999999996444444444444444444444444444444431111119999999981499999999996444444444444444431111119999999981499999999996444444444444444444444444444444444444443111699981499999999118981499999999118
999999831113899999999999999999999999999999999981499999999118999999999999118981499999999118999999831113899999999999999999999999999999999999999999999999999631113999999981499999999999999999999999999999631113999999981499999999999999999999999999999999999999999999999999621179981499999999118981499999999118
999997111899999999999999999999999999999999999981499999999118999999999999118981499999999118999997111899999999999999999999999999999999999999999999999999999999311279999981499999999999999999999999999999999311279999981499999999999999999999999999999999999999999999999999992119981499999999118981499999999118
999981129999999999999999999999999999999999999981499999999118999999999999118981499999999118999981129999999999999999999999999999999999999999999999999999999999991118999981499999999999999999999999999999999991118999981499999999999999999999999999999999999999999999999999999119981499999999118981499999999118
999931279999999999999999999999999999999999999981499999999118999999999999118981499999999118999931279999999999999999999999999999999999999999999999999999999999997113999981499999999999999999999999999999999997113999981499999999999999999999999999999999999999999999999999999119981499999999118981499999999118
999111999999999999999999999999999999999999999981499999999118999999999999118991399999999119999111999999999999999999999999999999999999999999999999999999999999999511899981499999999999999999999999999999999999511899981499999999999999999999999999999999999999999999999999999119991399999999119991399999999119
998118999999999999999999999999999999999999999981499999999118999999999999118991169999996119998118999999999999999999999999999999999999999999999999999999999999999981189981499999999999999999999999999999999999981189981499999999999999999999999999999999999999999999999999996119991169999996119991169999996119
995119999999999999999999999999999999999999999981499999999118999999999999118991129999992119995119999999999999999999999999999999999999999999999999999999999999999991159981499999999999999999999999999999999999991159981499999999999999999999999999999999999999999999999999992119991129999992119991129999992119
991139999999999999999999999999999999999999999981499999999118999999999999118997112999621179991139999999999999999999999999999999999999999999999999999999999999999993119981499999999999999999999999999999999999993119981499999999999999999999999999999999999999999999999999621179997112999621179997112999621179
991189999999971111111111111111111111111111111111499999999111117999999999118999611111111999991189999999971111111111111111111111111111111111111111111111117999999998119981499999999971117999999999971117999999998119981499999999971111111111111111111111111111111111111111111999999611111111999999611111111999
991199999999711111111111111111111111111111111111499999999111111999999999118999971111117999991199999999711111111111111111111111111111111111111111111111111999999999119981499999999711111999999999711111999999999119981499999999711111111111111111111111111111111111111111117999999971111117999999971111117999
991399999999112871488888888117888888888888888871499999999117721699999999118999999999999999991399999999112888888888888888871488888888117871488888888117721699999999119981499999999112721699999999112721699999999119981499999999112871488888888117871488888888117888888889999999999999999999999999999999999999
981499999999117971499999999118999999999999999981499999999117981499999999118999999999999999981499999999118999999999999999971499999999117981499999999118981499999999118981499999999118981499999999118971499999999117981499999999118981499999999118981499999999118999999999999999999999999999999999999999999999
981499999999112721699999999119999999999999999981499999999112871488888888117899999999999999981499999999118999999999999999721699999999112871499999999117871488888888117871488888888117871499999999117721699999999112871499999999117871499999999117871488888888117888888888888888888888888888888888888889999999
981499999999711111999999999119999971111117999981499999999711111111111111111111115999999999981499999999118999999999851111111999999999711111499999999111111111111111111111111111111111111499999999111111999999999711111499999999111111499999999111111111111111111111111111111111111111111111111111111111117999
981499999999996469999999995119999111233111699981499999999996444444444444444431111119999999981499999999118999999991111113469999999999996441499999999114444444444444444444444444444444441499999999114469999999999996441499999999114441499999999114444444444444444444444444444444444444444444444444444443111699
981499999999999999999999993119997112999621179981499999999999999999999999999999631113999999981499999999118999999831113899999999999999999981499999999118999999999999999999999999999999981499999999118999999999999999981499999999118981499999999118999999999999999999999999999999999999999999999999999999621179
981499999999999999999999991159991129999992119981499999999999999999999999999999999311279999981499999999118999997111899999999999999999999981499999999118999999999999999999999999999999981499999999118999999999999999981499999999118981499999999118999999999999999999999999999999999999999999999999999999992119
981499999999999999999999931499991299999999119981499999999999999999999999999999999991118999981499999999118999981129999999999999999999999981499999999118999999999999999999999999999999981499999999118999999999999999981499999999118981499999999118999999999999999999999999999999999999999999999999999999999119
981499999999999999999999511899991399999999119981499999999999999999999999999999999997113999981499999999118999931279999999999999999999999981499999999118999999999999999999999999999999981499999999118999999999999999981499999999118981499999999118999999999999999999999999999999999999999999999999999999999119
981499999999999999999997113999981499999999118981499999999999999999999999999999999999511899981499999999118999111999999999999999999999999981499999999118999999999999999999999999999999981499999999118999999999999999981499999999118981499999999118999999999999999999999999999999999999999999999999999999999119
981499999999999999999951129999981499999999118981499999999999999999999999999999999999981189981499999999118998118999999999999999999999999981499999999118999999999999999999999999999999981499999999118999999999999999981499999999118981499999999118999999999999999999999999999999999999999999999999999999996119
981499999999999999999311279999981499999999118981499999999999999999999999999999999999991159981499999999118995119999999999999999999999999981499999999118999999999999999999999999999999981499999999118999999999999999981499999999118981499999999118999999999999999999999999999999999999999999999999999999992119
981499999999999999531113999999981499999999118981499999999999999999999999999999999999993119981499999999118991139999999999999999999999999981499999999118999999999999999999999999999999981499999999118999999999999999981499999999118981499999999118999999999999999999999999999999999999999999999999999999621179
981499999999971111111489999999981499999999118981499999999971111111111111111117999999998119981499999999118991189999999971117999999999971111499999999111111111111111111111111111111111111499999999111111111111111111111499999999111111499999999111111111111111111117999999999971117999999999971111111111111999
981499999999711111115999999999981499999999118981499999999711111111111111111111999999999119981499999999118991199999999711111999999999711111499999999111111111111111111111111111111111111499999999111111111111111111111499999999111111499999999111111111111111111111999999999711111999999999711111111111117999
981499999999112899999999999999981499999999118981499999999112871488888888117721699999999119981499999999118991399999999112721699999999112871499999999117871488888888117871488888888117871499999999117888888888888888871499999999117871499999999117871488888888117721699999999112721699999999112888888889999999
981499999999118999999999999999981499999999118981499999999118981499999999118981499999999118981499999999118981499999999118981499999999118981499999999117981499999999118981499999999118971499999999118999999999999999981499999999118981499999999118971499999999117981499999999118981499999999118999999999999999
981499999999118999999999999999981499999999118981499999999118981499999999118981499999999118981499999999118981499999999118981499999999118981499999999112871499999999117871499999999117721699999999118999999998888888871499999999117871499999999117721699999999112871499999999117871499999999117899999999999999
981499999999118999971111117999981499999999118981499999999118981499999999118981499999999118981499999999118981499999999118981499999999118981499999999711111499999999111111499999999111111999999999118999971111111111111499999999111111499999999111111999999999711111499999999111111499999999111111115999999999
981499999999118999111233111699981499999999118981499999999118981499999999118981499999999118981499999999118981499999999118981499999999118981499999999996441499999999114441499999999114469999999999118999111234444444441499999999114441499999999114469999999999996441499999999114441499999999114431111119999999
981499999999118997112999621179981499999999118981499999999118981499999999118981499999999118981499999999118981499999999118981499999999118981499999999999981499999999118981499999999118999999999999118997112999999999981499999999118981499999999118999999999999999981499999999118981499999999118999631113999999
981499999999118991129999992119981499999999118981499999999118981499999999118981499999999118981499999999118981499999999118981499999999118981499999999999981499999999118981499999999118999999999999118991129999999999981499999999118981499999999118999999999999999981499999999118981499999999118999999311279999
981499999999118991299999999119981499999999118981499999999118981499999999118981499999999118981499999999118981499999999118981499999999118981499999999999981499999999118981499999999118999999999999118991299999999999981499999999118981499999999118999999999999999981499999999118981499999999118999999991118999
981499999999118991399999999119981499999999118981499999999118981499999999118981499999999118981499999999118981499999999118981499999999118981499999999999981499999999118981499999999118999999999999118991399999999999981499999999118981499999999118999999999999999981499999999118981499999999118999999997113999
991399999999119981499999999118981499999999118991399999999119981499999999118981499999999118991399999999119991399999999119991399999999119981499999999999981499999999118981499999999118999999999999118991399999999999981499999999118981499999999118999999999999999981499999999118981499999999118999999999511899
991169999996119981499999999118981499999999118991169999996119981499999999118981499999999118991169999996119991169999996119991169999996119981499999999999981499999999118981499999999118999999999999118991169999999999981499999999118981499999999118999999999999999981499999999118981499999999118999999999981189
991129999992119981499999999118981499999999118991129999992119981499999999118981499999999118991129999992119991129999992119991129999992119981499999999999981499999999118981499999999118999999999999118991129999999999981499999999118981499999999118999999999999999981499999999118981499999999118999999999991159
997112999621179981499999999118981499999999118997112999621179981499999999118981499999999118997112999621179997112999621179997112999621179981499999999999981499999999118981499999999118999999999999118997112999999999981499999999118981499999999118999999999999999981499999999118981499999999118999999999993119
999611111111999981499999999118981499999999118999611111111999981499999999118981499999999118999611111111999999611111111999999611111111999981499999999971111499999999111111499999999111117999999999118999611111111111111499999999111111499999999111111111111111111111499999999111111499999999111117999999998119
999971111117999981499999999118981499999999118999971111117999981499999999118981499999999118999971111117999999971111117999999971111117999981499999999711111499999999111111499999999111111999999999118999971111111111111499999999111111499999999111111111111111111111499999999111111499999999111111999999999119
999999999999999981499999999118981499999999118999999999999999981499999999118981499999999118999999999999999999999999999999999999999999999981499999999112871499999999117871499999999117721699999999118999999998888888871499999999117871499999999117888888888888888871499999999117871499999999117721699999999119
999999999999999981499999999118981499999999118999999999999999981499999999118981499999999118999999999999999999999999999999999999999999999981499999999118971499999999117971499999999118981499999999117999999999999999981499999999118981499999999117999999999999999981499999999118981499999999118981499999999118
999999998888888871499999999117871499999999117888888888888888871499999999117871499999999117899999999999999999999998888888888888888888888871499999999117721699999999112721699999999119991399999999112888888889999999981499999999118981499999999112888888889999999981499999999118981499999999118981499999999118
999971111111111111499999999111111499999999111111111111111111111499999999111111499999999111111115999999999999971111111111111111111111111111499999999111111999999999711111999999999119991199999999711111111111117999981499999999118981499999999711111111111117999981499999999118981499999999118981499999999118
999111234444444441499999999114441499999999114444444444444444441499999999114441499999999114431111119999999999111234444444444444444444444441499999999114469999999999996469999999995119991169999999996444444443111699981499999999118981499999999996444444443111699981499999999118981499999999118981499999999118
997112999999999981499999999118981499999999118999999999999999981499999999118981499999999118999631113999999997112999999999999999999999999981499999999118999999999999999999999999993119991139999999999999999999621179981499999999118981499999999999999999999621179981499999999118981499999999118981499999999118
991129999999999981499999999118981499999999118999999999999999981499999999118981499999999118999999311279999991129999999999999999999999999981499999999118999999999999999999999999991159995119999999999999999999992119981499999999118981499999999999999999999992119981499999999118981499999999118981499999999118
991299999999999981499999999118981499999999118999999999999999981499999999118981499999999118999999991118999991299999999999999999999999999981499999999118999999999999999999999999931499999113999999999999999999999119981499999999118981499999999999999999999999119981499999999118981499999999118981499999999118
991399999999999981499999999118981499999999118999999999999999981499999999118981499999999118999999997113999991399999999999999999999999999981499999999118999999999999999999999999511899999111999999999999999999999119981499999999118981499999999999999999999999119981499999999118981499999999118981499999999118
991399999999999981499999999118981499999999118999999999999999981499999999118981499999999118999999999511899991399999999999999999999999999981499999999118999999999999999999999997113999999931179999999999999999999119991399999999119981499999999999999999999999119981499999999118991399999999119991399999999119
991169999999999981499999999118981499999999118999999999999999981499999999118981499999999118999999999981189991169999999999999999999999999981499999999118999999999999999999999951129999999992115999999999999999996119991169999996119981499999999999999999999996119981499999999118991169999996119991169999996119
991129999999999981499999999118981499999999118999999999999999981499999999118981499999999118999999999991159991129999999999999999999999999981499999999118999999999999999999999311279999999997111899999999999999992119991129999992119981499999999999999999999992119981499999999118991129999992119991129999992119
997112999999999981499999999118981499999999118999999999999999981499999999118981499999999118999999999993119997112999999999999999999999999981499999999118999999999999999999531113999999999999831113899999999999621179997112999621179981499999999999999999999621179981499999999118997112999621179997112999621179
999611111111111111499999999111111499999999111117999999999971111499999999111111499999999111117999999998119999611111111111111111111111111111499999999111111111111111111111111489999999999999998111111111111111111999999611111111999981499999999971111111111111999981499999999118999611111111999999611111111999
999971111111111111499999999111111499999999111111999999999711111499999999111111499999999111111999999999119999971111111111111111111111111111499999999111111111111111111111115999999999999999999851111111111111117999999971111117999981499999999711111111111117999981499999999118999971111117999999971111117999
999999998888888871499999999117871499999999117721699999999112871499999999117871499999999117721699999999119999999998888888888888888888888871499999999117888888888888888899999999999999999999999999999888888889999999999999999999999981499999999112888888889999999981499999999118999999999999999999999999999999
999999999999999981499999999117971499999999117981499999999118971499999999118981499999999117981499999999118999999999999999999999999999999971499999999117999999999999999999999999999999999999999999999999999999999999999999999999999981499999999118999999999999999981499999999118999999999999999999999999999999
999999999999999981499999999112721699999999112871488888888117721699999999119981499999999112871488888888117888888889999999999999999999999721699999999112888888889999999999999999999999999999999999999999999999999999999999999999999871488888888117888888888888888871488888888117888888888888888899999999999999
999971111117999981499999999711111999999999711111111111111111111999999999119981499999999711111111111111111111111111117999999999999851111111999999999711111111111117999999971111117999999971111117999999971111117999999999999851111111111111111111111111111111111111111111111111111111111111111111115999999999
999111233111699981499999999996469999999999996444444444444444469999999995119981499999999996444444444444444444444443111699999999991111113469999999999996444444443111699999111233111699999111233111699999111233111699999999991111113444444444444444444444444444444444444444444444444444444444444431111119999999
997112999621179981499999999999999999999999999999999999999999999999999993119981499999999999999999999999999999999999621179999999831113899999999999999999999999999621179997112999621179997112999621179997112999621179999999831113899999999999999999999999999999999999999999999999999999999999999999631113999999
991129999992119981499999999999999999999999999999999999999999999999999991159981499999999999999999999999999999999999992119999997111899999999999999999999999999999992119991129999992119991129999992119991129999992119999997111899999999999999999999999999999999999999999999999999999999999999999999999311279999
991299999999119981499999999999999999999999999999999999999999999999999931499981499999999999999999999999999999999999999119999981129999999999999999999999999999999999119991299999999119991299999999119991299999999119999981129999999999999999999999999999999999999999999999999999999999999999999999999991118999
991399999999119981499999999999999999999999999999999999999999999999999511899981499999999999999999999999999999999999999119999931279999999999999999999999999999999999119991399999999119991399999999119991399999999119999931279999999999999999999999999999999999999999999999999999999999999999999999999997113999
981499999999118981499999999999999999999999999999999999999999999999997113999981499999999999999999999999999999999999999119999111999999999999999999999999999999999999119981499999999118981499999999118981499999999118999111999999999999999999999999999999999999999999999999999999999999999999999999999999511899
981499999999118981499999999999999999999999999999999999999999999999951129999981499999999999999999999999999999999999996119998118999999999999999999999999999999999996119981499999999118981499999999118981499999999118998118999999999999999999999999999999999999999999999999999999999999999999999999999999981189
981499999999118981499999999999999999999999999999999999999999999999311279999981499999999999999999999999999999999999992119995119999999999999999999999999999999999992119981499999999118981499999999118981499999999118995119999999999999999999999999999999999999999999999999999999999999999999999999999999991159
981499999999118981499999999999999999999999999999999999999999999531113999999981499999999999999999999999999999999999621179991139999999999999999999999999999999999621179981499999999118981499999999118981499999999118991139999999999999999999999999999999999999999999999999999999999999999999999999999999993119
981499999999118981499999999971117999999999971111111111111111111111489999999981499999999971111111111111111111111111111999991189999999971111111111111111111111111111999981499999999118981499999999118981499999999118991189999999971111111111111111111111111111111111111111111111111111111111111117999999998119
981499999999118981499999999711111999999999711111111111111111111115999999999981499999999711111111111111111111111111117999991199999999711111111111111111111111111117999981499999999118981499999999118981499999999118991199999999711111111111111111111111111111111111111111111111111111111111111111999999999119
981499999999118981499999999112721699999999112871488888888117899999999999999981499999999112871488888888117888888889999999991399999999112888888888888888888888889999999981499999999118981499999999118981499999999118991399999999112871488888888117888888888888888871488888888117888888888888888721699999999119
981499999999117981499999999118971499999999117971499999999118999999999999999981499999999117971499999999118999999999999999971499999999118999999999999999999999999999999981499999999118971499999999117981499999999118971499999999117971499999999117999999999999999981499999999118999999999999999971499999999118
981499999999112871488888888117721699999999112721699999999119999999999999999981499999999112721699999999118999999998888888721699999999119999999999999999888888888888888871499999999117721699999999112871488888888117721699999999112721699999999112888888889999999981499999999118999999998888888721699999999119
981499999999711111111111111111111999999999711111999999999119999971111117999981499999999711111999999999118999971111111111111999999999119999999999851111111111111111111111499999999111111999999999711111111111111111111999999999711111999999999711111111111117999981499999999118999971111111111111999999999119
981499999999996444444444444444469999999999996469999999995119999111233111699981499999999996469999999999118999111234444444469999999995119999999991111113444444444444444441499999999114469999999999996444444444444444469999999999996469999999999996444444443111699981499999999118999111234444444469999999995119
981499999999999999999999999999999999999999999999999999993119997112999621179981499999999999999999999999118997112999999999999999999993119999999831113899999999999999999981499999999118999999999999999999999999999999999999999999999999999999999999999999999621179981499999999118997112999999999999999999993119
981499999999999999999999999999999999999999999999999999991159991129999992119981499999999999999999999999118991129999999999999999999991159999997111899999999999999999999981499999999118999999999999999999999999999999999999999999999999999999999999999999999992119981499999999118991129999999999999999999991159
981499999999999999999999999999999999999999999999999999931499991299999999119981499999999999999999999999118991299999999999999999999931499999981129999999999999999999999981499999999118999999999999999999999999999999999999999999999999999999999999999999999999119981499999999118991299999999999999999999931499
981499999999999999999999999999999999999999999999999999511899991399999999119981499999999999999999999999118991399999999999999999999511899999931279999999999999999999999981499999999118999999999999999999999999999999999999999999999999999999999999999999999999119981499999999118991399999999999999999999511899
981499999999999999999999999999999999999999999999999997113999981499999999118981499999999999999999999999118991399999999999999999997113999999111999999999999999999999999981499999999118999999999999999999999999999999999999999999999999999999999999999999999999119981499999999118991399999999999999999997113999
981499999999999999999999999999999999999999999999999951129999981499999999118981499999999999999999999999118991169999999999999999951129999998118999999999999999999999999981499999999118999999999999999999999999999999999999999999999999999999999999999999999996119981499999999118991169999999999999999951129999
981499999999999999999999999999999999999999999999999311279999981499999999118981499999999999999999999999118991129999999999999999311279999995119999999999999999999999999981499999999118999999999999999999999999999999999999999999999999999999999999999999999992119981499999999118991129999999999999999311279999
981499999999999999999999999999999999999999999999531113999999981499999999118981499999999999999999999999118997112999999999999531113999999991139999999999999999999999999981499999999118999999999999999999999999999999999999999999999999999999999999999999999621179981499999999118997112999999999999531113999999
981499999999971111111111111111111111111111111111111489999999981499999999118981499999999971117999999999118999611111111111111111489999999991189999999971117999999999971111499999999111117999999999971111111111111111111111111111111117999999999971111111111111999981499999999118999611111111111111111489999999
981499999999711111111111111111111111111111111111115999999999981499999999118981499999999711111999999999118999971111111111111115999999999991199999999711111999999999711111499999999111111999999999711111111111111111111111111111111111999999999711111111111117999981499999999118999971111111111111115999999999
981499999999112871488888888117888888888888888899999999999999981499999999118981499999999112721699999999118999999998888888899999999999999991399999999112721699999999112871499999999117721699999999112871488888888117888888888888888721699999999112888888889999999981499999999118999999998888888899999999999999
981499999999118981499999999118999999999999999999999999999999981499999999118971499999999118981499999999118999999999999999999999999999999981499999999118971499999999117971499999999117981499999999118971499999999117999999999999999981499999999118999999999999999981499999999118999999999999999999999999999999
981499999999118981499999999118999999999999999999999998888888871488888888117721699999999118981499999999118999999999999999999999998888888871488888888117721699999999112721699999999112871499999999117721699999999112888888889999999981499999999118999999999999999871499999999117888888889999999999999999999999
981499999999118981499999999118999971111117999999971111111111111111111111111111999999999118981499999999118999971111117999999971111111111111111111111111111999999999711111999999999711111499999999111111999999999711111111111117999981499999999118999999999851111111499999999111111111111117999999971111117999
981499999999118981499999999118999111233111699999111234444444444444444444444469999999999118981499999999118999111233111699999111234444444444444444444444469999999999996469999999999996441499999999114469999999999996444444443111699981499999999118999999991111113441499999999114444444443111699999111233111699
981499999999118981499999999118997112999621179997112999999999999999999999999999999999999118981499999999118997112999621179997112999999999999999999999999999999999999999999999999999999981499999999118999999999999999999999999621179981499999999118999999831113899981499999999118999999999621179997112999621179
981499999999118981499999999118991129999992119991129999999999999999999999999999999999999118981499999999118991129999992119991129999999999999999999999999999999999999999999999999999999981499999999118999999999999999999999999992119981499999999118999997111899999981499999999118999999999992119991129999992119
981499999999118981499999999118991299999999119991299999999999999999999999999999999999999118981499999999118991299999999119991299999999999999999999999999999999999999999999999999999999981499999999118999999999999999999999999999119981499999999118999981129999999981499999999118999999999999119991299999999119
981499999999118981499999999118991399999999119991399999999999999999999999999999999999999118981499999999118991399999999119991399999999999999999999999999999999999999999999999999999999981499999999118999999999999999999999999999119981499999999118999931279999999981499999999118999999999999119991399999999119
991399999999119991399999999119981499999999118991399999999999999999999999999999999999999118991399999999119981499999999118991399999999999999999999999999999999999999999999999999999999981499999999118999999999999999999999999999119991399999999119999111999999999981499999999118999999999999119981499999999118
991169999996119991169999996119981499999999118991169999999999999999999999999999999999999118991169999996119981499999999118991169999999999999999999999999999999999999999999999999999999981499999999118999999999999999999999999996119991169999996119998118999999999981499999999118999999999996119981499999999118
991129999992119991129999992119981499999999118991129999999999999999999999999999999999999118991129999992119981499999999118991129999999999999999999999999999999999999999999999999999999981499999999118999999999999999999999999992119991129999992119995119999999999981499999999118999999999992119981499999999118
997112999621179997112999621179981499999999118997112999999999999999999999999999999999999118997112999621179981499999999118997112999999999999999999999999999999999999999999999999999999981499999999118999999999999999999999999621179997112999621179991139999999999981499999999118999999999621179981499999999118
999611111111999999611111111999981499999999118999611111111111111111111111111117999999999118999611111111999981499999999118999611111111111111111111111111117999999999971111111111111111111499999999111117999999999971111111111111999999611111111999991189999999971111499999999111111111111111999981499999999118
999971111117999999971111117999981499999999118999971111111111111111111111111111999999999118999971111117999981499999999118999971111111111111111111111111111999999999711111111111111111111499999999111111999999999711111111111117999999971111117999991199999999711111499999999111111111111117999981499999999118
999999999999999999999999999999981499999999118999999998888888871488888888117721699999999118999999999999999981499999999118999999998888888871488888888117721699999999112888888888888888871499999999117721699999999112888888889999999999999999999999991399999999112871499999999117888888889999999981499999999118
999999999999999999999999999999981499999999118999999999999999981499999999117981499999999118999999999999999981499999999118999999999999999981499999999118981499999999117999999999999999981499999999117981499999999118999999999999999999999999999999981499999999117981499999999118999999999999999971499999999118
999999999999999888888888888888871499999999117899999999999999981499999999112871488888888117888888888888888871488888888117888888889999999981499999999118991399999999112888888889999999991399999999112871488888888117888888889999999999999999999999981499999999112871488888888117888888888888888721699999999119
999999999851111111111111111111111499999999111111115999999999981499999999711111111111111111111111111111111111111111111111111111111117999981499999999118991199999999711111111111117999991199999999711111111111111111111111111117999999971111117999981499999999711111111111111111111111111111111111999999999119
999999991111113444444444444444441499999999114431111119999999981499999999996444444444444444444444444444444444444444444444444444443111699981499999999118991169999999996444444443111699991169999999996444444444444444444444443111699999111233111699981499999999996444444444444444444444444444444469999999995119
999999831113899999999999999999981499999999118999631113999999981499999999999999999999999999999999999999999999999999999999999999999621179981499999999118991139999999999999999999621179991139999999999999999999999999999999999621179997112999621179981499999999999999999999999999999999999999999999999999993119
999997111899999999999999999999981499999999118999999311279999981499999999999999999999999999999999999999999999999999999999999999999992119981499999999118995119999999999999999999992119995119999999999999999999999999999999999992119991129999992119981499999999999999999999999999999999999999999999999999991159
999981129999999999999999999999981499999999118999999991118999981499999999999999999999999999999999999999999999999999999999999999999999119981499999999118999113999999999999999999999119999113999999999999999999999999999999999999119991299999999119981499999999999999999999999999999999999999999999999999931499
999931279999999999999999999999981499999999118999999997113999981499999999999999999999999999999999999999999999999999999999999999999999119981499999999118999111999999999999999999999119999111999999999999999999999999999999999999119991399999999119981499999999999999999999999999999999999999999999999999511899
999111999999999999999999999999981499999999118999999999511899981499999999999999999999999999999999999999999999999999999999999999999999119991399999999119999931179999999999999999999119999931179999999999999999999999999999999999119981499999999118981499999999999999999999999999999999999999999999999997113999
998118999999999999999999999999981499999999118999999999981189981499999999999999999999999999999999999999999999999999999999999999999996119991169999996119999992115999999999999999996119999992115999999999999999999999999999999996119981499999999118981499999999999999999999999999999999999999999999999951129999
995119999999999999999999999999981499999999118999999999991159981499999999999999999999999999999999999999999999999999999999999999999992119991129999992119999997111899999999999999992119999997111899999999999999999999999999999992119981499999999118981499999999999999999999999999999999999999999999999311279999
991139999999999999999999999999981499999999118999999999993119981499999999999999999999999999999999999999999999999999999999999999999621179997112999621179999999831113899999999999621179999999831113899999999999999999999999999621179981499999999118981499999999999999999999999999999999999999999999531113999999
991189999999971117999999999971111499999999111117999999998119981499999999971111111111111111117999999999971111111111111111111111111111999999611111111999999999998111111111111111111999999999998111111111111111111111111111111111999981499999999118981499999999971111111111111111111111111111111111111489999999
991199999999711111999999999711111499999999111111999999999119981499999999711111111111111111111999999999711111111111111111111111111117999999971111117999999999999851111111111111117999999999999851111111111111111111111111111117999981499999999118981499999999711111111111111111111111111111111111115999999999
991399999999112721699999999112871499999999117721699999999119981499999999112871488888888117721699999999112871488888888117888888889999999999999999999999999999999999999888888889999999999999999999999871488888888117888888889999999981499999999118981499999999112871488888888117888888888888888899999999999999
981499999999117981499999999118971499999999117981499999999118971499999999118981499999999117971499999999117971499999999118999999999999999999999999999999999999999999999999999999999999999999999999999981499999999118999999999999999981499999999117981499999999118981499999999118999999999999999999999999999999
991399999999112871488888888117721699999999112871488888888117721699999999119981499999999112721699999999112721699999999119999999999999999888888888888888888888889999999999999999999999888888888888888871488888888117899999999999999981499999999112871488888888117871499999999117899999999999999999999999999999
991199999999711111111111111111111999999999711111111111111111111999999999119981499999999711111999999999711111999999999119999999999851111111111111111111111111111117999999999999851111111111111111111111111111111111111115999999999981499999999711111111111111111111499999999111111115999999999999971111117999
991169999999996444444444444444469999999999996444444444444444469999999995119981499999999996469999999999996469999999995119999999991111113444444444444444444444443111699999999991111113444444444444444444444444444444431111119999999981499999999996444444444444444441499999999114431111119999999999111233111699
991139999999999999999999999999999999999999999999999999999999999999999993119981499999999999999999999999999999999999993119999999831113899999999999999999999999999621179999999831113899999999999999999999999999999999999631113999999981499999999999999999999999999981499999999118999631113999999997112999621179
995119999999999999999999999999999999999999999999999999999999999999999991159981499999999999999999999999999999999999991159999997111899999999999999999999999999999992119999997111899999999999999999999999999999999999999999311279999981499999999999999999999999999981499999999118999999311279999991129999992119
999113999999999999999999999999999999999999999999999999999999999999999931499981499999999999999999999999999999999999931499999981129999999999999999999999999999999999119999981129999999999999999999999999999999999999999999991118999981499999999999999999999999999981499999999118999999991118999991299999999119
999111999999999999999999999999999999999999999999999999999999999999999511899981499999999999999999999999999999999999511899999931279999999999999999999999999999999999119999931279999999999999999999999999999999999999999999997113999981499999999999999999999999999981499999999118999999997113999991399999999119
999931179999999999999999999999999999999999999999999999999999999999997113999981499999999999999999999999999999999997113999999111999999999999999999999999999999999999119999111999999999999999999999999999999999999999999999999511899981499999999999999999999999999981499999999118999999999511899981499999999118
999992115999999999999999999999999999999999999999999999999999999999951129999981499999999999999999999999999999999951129999998118999999999999999999999999999999999996119998118999999999999999999999999999999999999999999999999981189981499999999999999999999999999981499999999118999999999981189981499999999118
999997111899999999999999999999999999999999999999999999999999999999311279999981499999999999999999999999999999999311279999995119999999999999999999999999999999999992119995119999999999999999999999999999999999999999999999999991159981499999999999999999999999999981499999999118999999999991159981499999999118
999999831113899999999999999999999999999999999999999999999999999531113999999981499999999999999999999999999999531113999999991139999999999999999999999999999999999621179991139999999999999999999999999999999999999999999999999993119981499999999999999999999999999981499999999118999999999993119981499999999118
999999998111111111111111111111117999999999971111111111111111111111489999999981499999999971111111111111111111111489999999991189999999971117999999999971111111111111999991189999999971111111111111111111111111111111117999999998119981499999999971111111111111111111499999999111117999999998119981499999999118
999999999851111111111111111111111999999999711111111111111111111115999999999981499999999711111111111111111111115999999999991199999999711111999999999711111111111117999991199999999711111111111111111111111111111111111999999999119981499999999711111111111111111111499999999111111999999999119981499999999118
999999999999999871488888888117721699999999112871488888888117899999999999999981499999999112888888888888888899999999999999991399999999112721699999999112888888889999999991399999999112888888888888888871488888888117721699999999119981499999999112871488888888117871499999999117721699999999119981499999999118
999999999999999981499999999118981499999999118981499999999118999999999999999981499999999117999999999999999999999999999999981499999999118971499999999118999999999999999971499999999118999999999999999981499999999118971499999999117981499999999118971499999999117981499999999118981499999999118971499999999118
999999998888888871499999999117871499999999117871499999999117899999999999999991399999999112888888888888888888888888888888871488888888117721699999999118999999998888888721699999999119999999998888888871488888888117721699999999112871499999999117721699999999112871488888888117871499999999117721699999999118
999971111111111111499999999111111499999999111111499999999111111115999999999991199999999711111111111111111111111111111111111111111111111111999999999118999971111111111111999999999119999971111111111111111111111111111999999999711111499999999111111999999999711111111111111111111499999999111111999999999118
999111234444444441499999999114441499999999114441499999999114431111119999999991169999999996444444444444444444444444444444444444444444444469999999999118999111234444444469999999995119999111234444444444444444444444469999999999996441499999999114469999999999996444444444444444441499999999114469999999999118
997112999999999981499999999118981499999999118981499999999118999631113999999991139999999999999999999999999999999999999999999999999999999999999999999118997112999999999999999999993119997112999999999999999999999999999999999999999981499999999118999999999999999999999999999999981499999999118999999999999118
991129999999999981499999999118981499999999118981499999999118999999311279999995119999999999999999999999999999999999999999999999999999999999999999999118991129999999999999999999991159991129999999999999999999999999999999999999999981499999999118999999999999999999999999999999981499999999118999999999999118
991299999999999981499999999118981499999999118981499999999118999999991118999999113999999999999999999999999999999999999999999999999999999999999999999118991299999999999999999999931499991299999999999999999999999999999999999999999981499999999118999999999999999999999999999999981499999999118999999999999118
991399999999999981499999999118981499999999118981499999999118999999997113999999111999999999999999999999999999999999999999999999999999999999999999999118991399999999999999999999511899991399999999999999999999999999999999999999999981499999999118999999999999999999999999999999981499999999118999999999999118
991399999999999981499999999118981499999999118981499999999118999999999511899999931179999999999999999999999999999999999999999999999999999999999999999118991399999999999999999997113999991399999999999999999999999999999999999999999981499999999118999999999999999999999999999999981499999999118999999999999118
991169999999999981499999999118981499999999118981499999999118999999999981189999992115999999999999999999999999999999999999999999999999999999999999999118991169999999999999999951129999991169999999999999999999999999999999999999999981499999999118999999999999999999999999999999981499999999118999999999999118
991129999999999981499999999118981499999999118981499999999118999999999991159999997111899999999999999999999999999999999999999999999999999999999999999118991129999999999999999311279999991129999999999999999999999999999999999999999981499999999118999999999999999999999999999999981499999999118999999999999118
997112999999999981499999999118981499999999118981499999999118999999999993119999999831113899999999999999999999999999999999999999999999999999999999999118997112999999999999531113999999997112999999999999999999999999999999999999999981499999999118999999999999999999999999999999981499999999118999999999999118
999611111111111111499999999111111499999999111111499999999111117999999998119999999998111111111111111111111111111111111111111111111111111117999999999118999611111111111111111489999999999611111111111111111111111111117999999999971111499999999111117999999999971111111111111111111499999999111117999999999118
999971111111111111499999999111111499999999111111499999999111111999999999119999999999851111111111111111111111111111111111111111111111111111999999999118999971111111111111115999999999999971111111111111111111111111111999999999711111499999999111111999999999711111111111111111111499999999111111999999999118
999999998888888871499999999117871499999999117871499999999117721699999999119999999999999999888888888888888888888888888888871488888888117721699999999118999999998888888899999999999999999999998888888871488888888117721699999999112871499999999117721699999999112871488888888117871499999999117721699999999118
999999999999999981499999999118981499999999117981499999999118981499999999118999999999999999999999999999999999999999999999981499999999117981499999999118999999999999999999999999999999999999999999999981499999999117981499999999118971499999999117971499999999118981499999999118981499999999118981499999999118
999999999999999981499999999118991399999999112871488888888117871499999999117899999999999999999999999999999999999999999999981499999999112871499999999117888888889999999999999998888888899999999999999991399999999112871488888888117721699999999112721699999999119981499999999118981499999999118981499999999118
999971111117999981499999999118991199999999711111111111111111111499999999111111115999999999999971111117999999971111117999981499999999711111499999999111111111111117999999971111111111111115999999999991199999999711111111111111111111999999999711111999999999119981499999999118981499999999118981499999999118
999111233111699981499999999118991169999999996444444444444444441499999999114431111119999999999111233111699999111233111699981499999999996441499999999114444444443111699999111234444444431111119999999991169999999996444444444444444469999999999996469999999995119981499999999118981499999999118981499999999118
997112999621179981499999999118991139999999999999999999999999981499999999118999631113999999997112999621179997112999621179981499999999999981499999999118999999999621179997112999999999999631113999999991139999999999999999999999999999999999999999999999999993119981499999999118981499999999118981499999999118
991129999992119981499999999118995119999999999999999999999999981499999999118999999311279999991129999992119991129999992119981499999999999981499999999118999999999992119991129999999999999999311279999995119999999999999999999999999999999999999999999999999991159981499999999118981499999999118981499999999118
991299999999119981499999999118999113999999999999999999999999981499999999118999999991118999991299999999119991299999999119981499999999999981499999999118999999999999119991299999999999999999991118999999113999999999999999999999999999999999999999999999999931499981499999999118981499999999118981499999999118
991399999999119981499999999118999111999999999999999999999999981499999999118999999997113999991399999999119991399999999119981499999999999981499999999118999999999999119991399999999999999999997113999999111999999999999999999999999999999999999999999999999511899981499999999118981499999999118981499999999118
981499999999118991399999999119999931179999999999999999999999981499999999118999999999511899981499999999118981499999999118981499999999999981499999999118999999999999119991399999999999999999999511899999931179999999999999999999999999999999999999999999997113999981499999999118981499999999118991399999999119
981499999999118991169999996119999992115999999999999999999999981499999999118999999999981189981499999999118981499999999118981499999999999981499999999118999999999996119991169999999999999999999981189999992115999999999999999999999999999999999999999999951129999981499999999118981499999999118991169999996119
981499999999118991129999992119999997111899999999999999999999981499999999118999999999991159981499999999118981499999999118981499999999999981499999999118999999999992119991129999999999999999999991159999997111899999999999999999999999999999999999999999311279999981499999999118981499999999118991129999992119
981499999999118997112999621179999999831113899999999999999999981499999999118999999999993119981499999999118981499999999118981499999999999981499999999118999999999621179997112999999999999999999993119999999831113899999999999999999999999999999999999531113999999981499999999118981499999999118997112999621179
981499999999118999611111111999999999998111111111111111111111111499999999111117999999998119981499999999118981499999999118981499999999971111499999999111111111111111999999611111111111117999999998119999999998111111111111111111111111111111111111111111489999999981499999999118981499999999118999611111111999
981499999999118999971111117999999999999851111111111111111111111499999999111111999999999119981499999999118981499999999118981499999999711111499999999111111111111117999999971111111111111999999999119999999999851111111111111111111111111111111111111115999999999981499999999118981499999999118999971111117999
981499999999118999999999999999999999999999999871488888888117871499999999117721699999999119981499999999118981499999999118981499999999112871499999999117888888889999999999999998888888721699999999119999999999999999871488888888117888888888888888899999999999999981499999999118981499999999118999999999999999
981499999999117999999999999999999999999999999971499999999117971499999999118981499999999117981499999999118971499999999118981499999999118981499999999118999999999999999999999999999999981499999999118999999999999999971499999999118999999999999999999999999999999971499999999117981499999999118999999999999999
981499999999112888888889999999999999999999999721699999999112721699999999119981499999999112871488888888117721699999999119981499999999118981499999999118999999999999999899999999999999981499999999118999999999999999721699999999119999999999999999888888888888888721699999999112871488888888117888888889999999
981499999999711111111111117999999999999851111111999999999711111999999999119981499999999711111111111111111111999999999119981499999999118981499999999118999999999851111111115999999999981499999999118999999999851111111999999999119999999999851111111111111111111111999999999711111111111111111111111111117999
981499999999996444444443111699999999991111113469999999999996469999999995119981499999999996444444444444444469999999995119981499999999118981499999999118999999991111113431111119999999981499999999118999999991111113469999999995119999999991111113444444444444444469999999999996444444444444444444444443111699
981499999999999999999999621179999999831113899999999999999999999999999993119981499999999999999999999999999999999999993119981499999999118981499999999118999999831113899999631113999999981499999999118999999831113899999999999993119999999831113899999999999999999999999999999999999999999999999999999999621179
981499999999999999999999992119999997111899999999999999999999999999999991159981499999999999999999999999999999999999991159981499999999118981499999999118999997111899999999999311279999981499999999118999997111899999999999999991159999997111899999999999999999999999999999999999999999999999999999999999992119
981499999999999999999999999119999981129999999999999999999999999999999931499981499999999999999999999999999999999999931499981499999999118981499999999118999981129999999999999991118999981499999999118999981129999999999999999931499999981129999999999999999999999999999999999999999999999999999999999999999119
981499999999999999999999999119999931279999999999999999999999999999999511899981499999999999999999999999999999999999511899981499999999118981499999999118999931279999999999999997113999981499999999118999931279999999999999999511899999931279999999999999999999999999999999999999999999999999999999999999999119
981499999999999999999999999119999111999999999999999999999999999999997113999981499999999999999999999999999999999997113999991399999999119991399999999119999111999999999999999999511899981499999999118999111999999999999999997113999999111999999999999999999999999999999999999999999999999999999999999999999119
981499999999999999999999996119998118999999999999999999999999999999951129999981499999999999999999999999999999999951129999991169999996119991169999996119998118999999999999999999981189981499999999118998118999999999999999951129999998118999999999999999999999999999999999999999999999999999999999999999996119
981499999999999999999999992119995119999999999999999999999999999999311279999981499999999999999999999999999999999311279999991129999992119991129999992119995119999999999999999999991159981499999999118995119999999999999999311279999995119999999999999999999999999999999999999999999999999999999999999999992119
981499999999999999999999621179991139999999999999999999999999999531113999999981499999999999999999999999999999531113999999997112999621179997112999621179991139999999999999999999993119981499999999118991139999999999999531113999999991139999999999999999999999999999999999999999999999999999999999999999621179
981499999999971111111111111999991189999999971117999999999971111111489999999981499999999971111111111111111111111489999999999611111111999999611111111999991189999999971117999999998119981499999999118991189999999971111111489999999991189999999971117999999999971117999999999971111111111111111111111111111999
981499999999711111111111117999991199999999711111999999999711111115999999999981499999999711111111111111111111115999999999999971111117999999971111117999991199999999711111999999999119981499999999118991199999999711111115999999999991199999999711111999999999711111999999999711111111111111111111111111117999
981499999999112888888889999999991399999999112721699999999112899999999999999981499999999112871488888888117899999999999999999999999999999999999999999999991399999999112721699999999119981499999999118991399999999112899999999999999991399999999112721699999999112721699999999112871488888888117888888889999999
981499999999117999999999999999981499999999118981499999999118999999999999999981499999999118981499999999117999999999999999999999999999999999999999999999981499999999118981499999999117971499999999118981499999999117999999999999999981499999999117981499999999118981499999999118971499999999117999999999999999
991399999999112888888888888888871488888888117871499999999117899999999999999981499999999118981499999999112888888889999999999999999999999888888889999999981499999999118981499999999112721699999999119991399999999112888888889999999991399999999112871499999999117871488888888117721699999999112888888889999999
991199999999711111111111111111111111111111111111499999999111111115999999999981499999999118981499999999711111111111117999999999999851111111111111117999981499999999118981499999999711111999999999119991199999999711111111111117999991199999999711111499999999111111111111111111111999999999711111111111117999
991169999999996444444444444444444444444444444441499999999114431111119999999981499999999118981499999999996444444443111699999999991111113444444443111699981499999999118981499999999996469999999995119991169999999996444444443111699991169999999996441499999999114444444444444444469999999999996444444443111699
991139999999999999999999999999999999999999999981499999999118999631113999999981499999999118981499999999999999999999621179999999831113899999999999621179981499999999118981499999999999999999999993119991139999999999999999999621179991139999999999981499999999118999999999999999999999999999999999999999621179
995119999999999999999999999999999999999999999981499999999118999999311279999981499999999118981499999999999999999999992119999997111899999999999999992119981499999999118981499999999999999999999991159995119999999999999999999992119995119999999999981499999999118999999999999999999999999999999999999999992119
999113999999999999999999999999999999999999999981499999999118999999991118999981499999999118981499999999999999999999999119999981129999999999999999999119981499999999118981499999999999999999999931499999113999999999999999999999119999113999999999981499999999118999999999999999999999999999999999999999999119
999111999999999999999999999999999999999999999981499999999118999999997113999981499999999118981499999999999999999999999119999931279999999999999999999119981499999999118981499999999999999999999511899999111999999999999999999999119999111999999999981499999999118999999999999999999999999999999999999999999119
999931179999999999999999999999999999999999999981499999999118999999999511899991399999999119981499999999999999999999999119999111999999999999999999999119991399999999119981499999999999999999997113999999931179999999999999999999119999931179999999981499999999118999999999999999999999999999999999999999999119
999992115999999999999999999999999999999999999981499999999118999999999981189991169999996119981499999999999999999999996119998118999999999999999999996119991169999996119981499999999999999999951129999999992115999999999999999996119999992115999999981499999999118999999999999999999999999999999999999999996119
999997111899999999999999999999999999999999999981499999999118999999999991159991129999992119981499999999999999999999992119995119999999999999999999992119991129999992119981499999999999999999311279999999997111899999999999999992119999997111899999981499999999118999999999999999999999999999999999999999992119
999999831113899999999999999999999999999999999981499999999118999999999993119997112999621179981499999999999999999999621179991139999999999999999999621179997112999621179981499999999999999531113999999999999831113899999999999621179999999831113899981499999999118999999999999999999999999999999999999999621179
999999998111111111111111111111111111111111111111499999999111117999999998119999611111111999981499999999971111111111111999991189999999971111111111111999999611111111999981499999999971111111489999999999999998111111111111111111999999999998111111111499999999111111111111111111111111111111111111111111111999
999999999851111111111111111111111111111111111111499999999111111999999999119999971111117999981499999999711111111111117999991199999999711111111111117999999971111117999981499999999711111115999999999999999999851111111111111117999999999999851111111499999999111111111111111111111111111111111111111111117999
999999999999999888888888888888871488888888117871499999999117721699999999119999999999999999981499999999112888888889999999991399999999112888888889999999999999999999999981499999999112899999999999999999999999999999888888889999999999999999999999871499999999117871488888888117888888888888888888888889999999
999999999999999999999999999999971499999999118981499999999117981499999999118999999999999999981499999999118999999999999999981499999999118999999999999999999999999999999981499999999117999999999999999999999999999999999999999999999999999999999999971499999999117981499999999118999999999999999999999999999999
999999998888888888888888888888721699999999118981499999999112871488888888117888888888888888871488888888117888888888888888871499999999117888888888888888899999999999999991399999999112899999999999999999999999999999888888888888888888888888888888721699999999112871499999999117888888888888888899999999999999
999971111111111111111111111111111999999999118981499999999711111111111111111111111111111111111111111111111111111111111111111499999999111111111111111111111115999999999991199999999711111115999999999999999999851111111111111111111111111111111111111999999999711111499999999111111111111111111111115999999999
999111234444444444444444444444469999999999118981499999999996444444444444444444444444444444444444444444444444444444444444441499999999114444444444444444431111119999999991169999999996431111119999999999999991111113444444444444444444444444444444469999999999996441499999999114444444444444444431111119999999
997112999999999999999999999999999999999999118981499999999999999999999999999999999999999999999999999999999999999999999999981499999999118999999999999999999631113999999991139999999999999631113999999999999831113899999999999999999999999999999999999999999999999981499999999118999999999999999999631113999999
991129999999999999999999999999999999999999118981499999999999999999999999999999999999999999999999999999999999999999999999981499999999118999999999999999999999311279999995119999999999999999311279999999997111899999999999999999999999999999999999999999999999999981499999999118999999999999999999999311279999
991299999999999999999999999999999999999999118981499999999999999999999999999999999999999999999999999999999999999999999999981499999999118999999999999999999999991118999999113999999999999999991118999999981129999999999999999999999999999999999999999999999999999981499999999118999999999999999999999991118999
991399999999999999999999999999999999999999118981499999999999999999999999999999999999999999999999999999999999999999999999981499999999118999999999999999999999997113999999111999999999999999997113999999931279999999999999999999999999999999999999999999999999999981499999999118999999999999999999999997113999
991399999999999999999999999999999999999999118981499999999999999999999999999999999999999999999999999999999999999999999999981499999999118999999999999999999999999511899999931179999999999999999511899999111999999999999999999999999999999999999999999999999999999981499999999118999999999999999999999999511899
991169999999999999999999999999999999999999118981499999999999999999999999999999999999999999999999999999999999999999999999981499999999118999999999999999999999999981189999992115999999999999999981189998118999999999999999999999999999999999999999999999999999999981499999999118999999999999999999999999981189
991129999999999999999999999999999999999999118981499999999999999999999999999999999999999999999999999999999999999999999999981499999999118999999999999999999999999991159999997111899999999999999991159995119999999999999999999999999999999999999999999999999999999981499999999118999999999999999999999999991159
997112999999999999999999999999999999999999118981499999999999999999999999999999999999999999999999999999999999999999999999981499999999118999999999999999999999999993119999999831113899999999999993119991139999999999999999999999999999999999999999999999999999999981499999999118999999999999999999999999993119
999611111111111117999999999971117999999999118981499999999971111111111111111117999999999971111111111111111111111111111111111499999999111117999999999971117999999998119999999998111111117999999998119991189999999971111111111111111111111111111111117999999999971111499999999111111111111111111117999999998119
999971111111111111999999999711111999999999118981499999999711111111111111111111999999999711111111111111111111111111111111111499999999111111999999999711111999999999119999999999851111111999999999119991199999999711111111111111111111111111111111111999999999711111499999999111111111111111111111999999999119
999999998888888721699999999112721699999999118981499999999112871488888888117721699999999112871488888888117888888888888888871499999999117721699999999112721699999999119999999999999999721699999999119991399999999112888888888888888888888888888888721699999999112871499999999117888888888888888721699999999119
999999999999999981499999999118981499999999118971499999999117971499999999118981499999999117981499999999118999999999999999981499999999118981499999999117981499999999118999999999999999981499999999117981499999999118999999999999999999999999999999981499999999118971499999999118999999999999999971499999999118
999999998888888871499999999117871499999999117721699999999112721699999999118981499999999112871499999999117899999999999999981499999999118981499999999112871488888888117888888889999999981499999999112871499999999117899999999999999999999999999999871488888888117721699999999119999999998888888721699999999119
999971111111111111499999999111111499999999111111999999999711111999999999118981499999999711111499999999111111115999999999981499999999118981499999999711111111111111111111111111117999981499999999711111499999999111111115999999999999999999851111111111111111111111999999999119999971111111111111999999999119
999111234444444441499999999114441499999999114469999999999996469999999999118981499999999996441499999999114431111119999999981499999999118981499999999996444444444444444444444443111699981499999999996441499999999114431111119999999999999991111113444444444444444469999999995119999111234444444469999999995119
997112999999999981499999999118981499999999118999999999999999999999999999118981499999999999981499999999118999631113999999981499999999118981499999999999999999999999999999999999621179981499999999999981499999999118999631113999999999999831113899999999999999999999999999993119997112999999999999999999993119
991129999999999981499999999118981499999999118999999999999999999999999999118981499999999999981499999999118999999311279999981499999999118981499999999999999999999999999999999999992119981499999999999981499999999118999999311279999999997111899999999999999999999999999999991159991129999999999999999999991159
991299999999999981499999999118981499999999118999999999999999999999999999118981499999999999981499999999118999999991118999981499999999118981499999999999999999999999999999999999999119981499999999999981499999999118999999991118999999981129999999999999999999999999999999931499991299999999999999999999931499
991399999999999981499999999118981499999999118999999999999999999999999999118981499999999999981499999999118999999997113999981499999999118981499999999999999999999999999999999999999119981499999999999981499999999118999999997113999999931279999999999999999999999999999999511899991399999999999999999999511899
991399999999999981499999999118981499999999118999999999999999999999999999118981499999999999981499999999118999999999511899981499999999118981499999999999999999999999999999999999999119981499999999999981499999999118999999999511899999111999999999999999999999999999999997113999991399999999999999999997113999
991169999999999981499999999118981499999999118999999999999999999999999999118981499999999999981499999999118999999999981189981499999999118981499999999999999999999999999999999999996119981499999999999981499999999118999999999981189998118999999999999999999999999999999951129999991169999999999999999951129999
991129999999999981499999999118981499999999118999999999999999999999999999118981499999999999981499999999118999999999991159981499999999118981499999999999999999999999999999999999992119981499999999999981499999999118999999999991159995119999999999999999999999999999999311279999991129999999999999999311279999
997112999999999981499999999118981499999999118999999999999999999999999999118981499999999999981499999999118999999999993119981499999999118981499999999999999999999999999999999999621179981499999999999981499999999118999999999993119991139999999999999999999999999999531113999999997112999999999999531113999999
999611111111111111499999999111111499999999111111111111111111117999999999118981499999999971111499999999111117999999998119981499999999118981499999999971111111111111111111111111111999981499999999971111499999999111117999999998119991189999999971111111111111111111111489999999999611111111111111111489999999
999971111111111111499999999111111499999999111111111111111111111999999999118981499999999711111499999999111111999999999119981499999999118981499999999711111111111111111111111111117999981499999999711111499999999111111999999999119991199999999711111111111111111111115999999999999971111111111111115999999999
999999998888888871499999999117871499999999117888888888888888721699999999118981499999999112871499999999117721699999999119981499999999118981499999999112871488888888117888888889999999981499999999112871499999999117721699999999119991399999999112871488888888117899999999999999999999998888888899999999999999
999999999999999971499999999118981499999999118999999999999999981499999999118971499999999118981499999999117981499999999118971499999999117981499999999118981499999999118999999999999999981499999999118981499999999118981499999999118981499999999118981499999999117999999999999999999999999999999999999999999999
999999999999999721699999999119981499999999118999999998888888871499999999117721699999999118991399999999112871499999999117721699999999112871499999999117871488888888117899999999999999981499999999118981499999999118981499999999118981499999999118981499999999112888888889999999999999998888888899999999999999
999999999851111111999999999119981499999999118999971111111111111499999999111111999999999118991199999999711111499999999111111999999999711111499999999111111111111111111111115999999999981499999999118981499999999118981499999999118981499999999118981499999999711111111111117999999971111111111111115999999999
999999991111113469999999995119981499999999118999111234444444441499999999114469999999999118991169999999996441499999999114469999999999996441499999999114444444444444444431111119999999981499999999118981499999999118981499999999118981499999999118981499999999996444444443111699999111234444444431111119999999
999999831113899999999999993119981499999999118997112999999999981499999999118999999999999118991139999999999981499999999118999999999999999981499999999118999999999999999999631113999999981499999999118981499999999118981499999999118981499999999118981499999999999999999999621179997112999999999999631113999999
999997111899999999999999991159981499999999118991129999999999981499999999118999999999999118995119999999999981499999999118999999999999999981499999999118999999999999999999999311279999981499999999118981499999999118981499999999118981499999999118981499999999999999999999992119991129999999999999999311279999
999981129999999999999999931499981499999999118991299999999999981499999999118999999999999118999113999999999981499999999118999999999999999981499999999118999999999999999999999991118999981499999999118981499999999118981499999999118981499999999118981499999999999999999999999119991299999999999999999991118999
999931279999999999999999511899981499999999118991399999999999981499999999118999999999999118999111999999999981499999999118999999999999999981499999999118999999999999999999999997113999981499999999118981499999999118981499999999118981499999999118981499999999999999999999999119991399999999999999999997113999
999111999999999999999997113999991399999999119991399999999999981499999999118999999999999118999931179999999981499999999118999999999999999981499999999118999999999999999999999999511899991399999999119991399999999119981499999999118991399999999119981499999999999999999999999119991399999999999999999999511899
998118999999999999999951129999991169999996119991169999999999981499999999118999999999999118999992115999999981499999999118999999999999999981499999999118999999999999999999999999981189991169999996119991169999996119981499999999118991169999996119981499999999999999999999996119991169999999999999999999981189
995119999999999999999311279999991129999992119991129999999999981499999999118999999999999118999997111899999981499999999118999999999999999981499999999118999999999999999999999999991159991129999992119991129999992119981499999999118991129999992119981499999999999999999999992119991129999999999999999999991159
991139999999999999531113999999997112999621179997112999999999981499999999118999999999999118999999831113899981499999999118999999999999999981499999999118999999999999999999999999993119997112999621179997112999621179981499999999118997112999621179981499999999999999999999621179997112999999999999999999993119
991189999999971111111489999999999611111111999999611111111111111499999999111117999999999118999999998111111111499999999111117999999999971111499999999111111111111111111117999999998119999611111111999999611111111999981499999999118999611111111999981499999999971111111111111999999611111111111117999999998119
991199999999711111115999999999999971111117999999971111111111111499999999111111999999999118999999999851111111499999999111111999999999711111499999999111111111111111111111999999999119999971111117999999971111117999981499999999118999971111117999981499999999711111111111117999999971111111111111999999999119
991399999999112899999999999999999999999999999999999998888888871499999999117721699999999118999999999999999871499999999117721699999999112871499999999117871488888888117721699999999119999999999999999999999999999999981499999999118999999999999999981499999999112888888889999999999999998888888721699999999119
981499999999118999999999999999999999999999999999999999999999971499999999118981499999999118999999999999999971499999999118981499999999118981499999999118981499999999117971499999999117999999999999999999999999999999981499999999117999999999999999971499999999117999999999999999999999999999999971499999999118
981499999999118999999998888888888888888888888888888888888888721699999999119981499999999118999999998888888721699999999119981499999999118981499999999118991399999999112721699999999112888888888888888888888889999999991399999999112888888888888888721699999999112888888888888888888888888888888721699999999119
981499999999118999971111111111111111111111111111111111111111111999999999119981499999999118999971111111111111999999999119981499999999118981499999999118991199999999711111999999999711111111111111111111111111117999991199999999711111111111111111111999999999711111111111111111111111111111111111999999999119
981499999999118999111234444444444444444444444444444444444444469999999995119981499999999118999111234444444469999999995119981499999999118981499999999118991169999999996469999999999996444444444444444444444443111699991169999999996444444444444444469999999999996444444444444444444444444444444469999999995119
981499999999118997112999999999999999999999999999999999999999999999999993119981499999999118997112999999999999999999993119981499999999118981499999999118991139999999999999999999999999999999999999999999999999621179991139999999999999999999999999999999999999999999999999999999999999999999999999999999993119
981499999999118991129999999999999999999999999999999999999999999999999991159981499999999118991129999999999999999999991159981499999999118981499999999118995119999999999999999999999999999999999999999999999999992119995119999999999999999999999999999999999999999999999999999999999999999999999999999999991159
981499999999118991299999999999999999999999999999999999999999999999999931499981499999999118991299999999999999999999931499981499999999118981499999999118999113999999999999999999999999999999999999999999999999999119999113999999999999999999999999999999999999999999999999999999999999999999999999999999931499
981499999999118991399999999999999999999999999999999999999999999999999511899981499999999118991399999999999999999999511899981499999999118981499999999118999111999999999999999999999999999999999999999999999999999119999111999999999999999999999999999999999999999999999999999999999999999999999999999999511899
991399999999119991399999999999999999999999999999999999999999999999997113999991399999999119991399999999999999999997113999981499999999118991399999999119999931179999999999999999999999999999999999999999999999999119999931179999999999999999999999999999999999999999999999999999999999999999999999999997113999
991169999996119991169999999999999999999999999999999999999999999999951129999991169999996119991169999999999999999951129999981499999999118991169999996119999992115999999999999999999999999999999999999999999999996119999992115999999999999999999999999999999999999999999999999999999999999999999999999951129999
991129999992119991129999999999999999999999999999999999999999999999311279999991129999992119991129999999999999999311279999981499999999118991129999992119999997111899999999999999999999999999999999999999999999992119999997111899999999999999999999999999999999999999999999999999999999999999999999999311279999
997112999621179997112999999999999999999999999999999999999999999531113999999997112999621179997112999999999999531113999999981499999999118997112999621179999999831113899999999999999999999999999999999999999999621179999999831113899999999999999999999999999999999999999999999999999999999999999999531113999999
999611111111999999611111111111111111111111111111111111111111111111489999999999611111111999999611111111111111111489999999981499999999118999611111111999999999998111111111111111111111111111111111111111111111111999999999998111111111111111111111111111111111111111111111111111111111111111111111111489999999
999971111117999999971111111111111111111111111111111111111111111115999999999999971111117999999971111111111111115999999999981499999999118999971111117999999999999851111111111111111111111111111111111111111111117999999999999851111111111111111111111111111111111111111111111111111111111111111111115999999999
G99999999999999999999998888888888888888888888888888888888888899999999999999999999999999999999999998888888899999999999999981499999999118999999999999999999999999999999888888888888888888888888888888888888889999999999999999999999888888888888888888888888888888888888888888888888888888888888899999999999991
