3333333333332222222222222222222222222222222222222222222222222222222224444443344444445222222244444425223444444444444442222222222222222222225222444444444444442324444444444444445444444644444444444444434M
33333333333322222222222222222222242222222222222222222222222222222222243443343344444422222222444444323344442444445445222222222222222222222222424444444444444442244444444444444444446446444444444444444444
33333333333222222222222222242233444222222222222222222222222222222222225554344454444322222222344444243444442454444552222222222222222222222444424444444444444442244444444444445746454443444444444444444432
33333333332222222222232222344444444222222222222222222222222222222222224444444444345222222222444446244444442445446542222222222222222222244444423555444444444442244444444444444574444444564444444444444442
33333333322222222222242222444544444222222222222222222222222222222222222544453544442222222222544434444444424444444442222222224222222222224445222444444444444444244444444444444744444444434444444444444443
33333333322222222222452222433444452222222222222222222222222222222222222234434444442222222222243474444444424444444442222222222222222222244443222252444444344444444444444444452224444444446444444444444444
33333333322222222224442224334544422222222222222222222222222222222222222222444445522222222222234444444344424444444442222222222222222222225432222222444444444444454444444444442244444444443744444444444444
33333333322222222244422222344443522222222222222222222222222222222222222223444543222222222222254444444444324444444442222222222222222222224222222222444444444444524444444444444544444444444464444444444444
33333333322222222224432224444445222222222222222222222222222222222222222222253522222222222222234444444444234434444452222222222222222222225222222223444444444444333444444444444574444444444444444444444444
33333333322222222225522224443442222222222222222222222222222222222222222222222222222222222222223544444444244444444552222222224222222222222222222224444444444444444444444444444454444444444464444444444444
33333333322242222255222233333444222222222222222222222222222222222222222222222222222222222222224444444444244444444522222222452222222222222222222224444444444444444544444444444454444444444444444444444444
33333333322222222222222244344452232222222222222222222222222222222222222222222222222222222422224444444444344444444542222224432222222222222322222224444444444444444644444444444464444444444434444444444444
33333333322222222432232234453532344344432222222222222222222222222222222222222222222222222422222544444444444444444422222224522222222222222422222224444444444444444444444444444464444444444444444444444444
33333333322222222522442354443434334444442222222222222222222222222222222222222222222222244222222444444444444444444422222244522222222222244442222224444444444444445444444444444444444444444444444444444444
33333333322222222422442444434333344444442222222222222222222222222222222222222222222222244422222444444444444444444432222244422222222222444443222224444444444444444444444444444444444444443444444444444444
33333333322222222422543244344733343454442222222222222222222222222222222222222222222222444422222445444444444444444522222244422222222222444444322223444444444444444644444444444444444444434444444444444444
33333333322222222422254344433344444444422222222222222222222222222222222222222222222222544425222244444444444444444524222245422222222224444444422224444444444444444444444444444644446444334447444444444446
33333333322222222422224453536336233444422222222222222222222222222222222222222222222425545222222244444444444444444425222244222222222224444444422225444444444444444474444444444444446434433444444444444444
33333333322222222322222434552352454444422222222222222222222222222222222222222222224545444222222244444444444444444524222232222222222224444444422245444444444444444446444444445444443444474444444444444474
33333333322222222222242355573433433344222222222222222222222222222222222222222222245244445222222224444424444444444322222242222222222224444444442454444444444444444446444444444444344445443554534444444444
33333333332222222222222445454443323444222222222222222222222222222222222222222222244244444222222224444424444444444342222222222222222244444444444554444444444444444443444444654444744447554444544434444444
33333333332222222222222454454345444545222222222222222222222222222222222222222222444544445222222222454444444444444442222222222222222244444444454554644444444344444444444444544444454444644444445456476644
33333333332222222222224545434433445452222222222222222222222222222222222222222222343434444222232222444444444444445242222222222222222244444444444444474444444444444454444444544444464444464444474444444444
33333333332222222222524444342553554442222222222222222222222222222222222222222222434544444222222222244444443444445422222222222222222244444444444444444474444444444474446444644444434444434443744454444544
33333333332222222224224444543434444532222222222222222222222222222222222222222222444454444442222222254444444444443422222222222222222244444444444444444445444444444444445444744444444444445444344444444444
33333333322222222222224424445345444422222222222222222222222222222222222222222222444444444452222222444444444444452422222222222222222244444444444444444444644444444446755444444444644444464444444444444444
33333333322222222222245444444444335332222222222222222222222222222222222222222222544444444542222222244444444444452422222222222222222244444444444444444444544444444444444444444444744444447446444444444454
33333333322222222222222235533453544522222222222222222222222222222222222222222222544444444442222222444444445445452322222222222222222244444444444444444444444444444444444444444444744444444474444444444474
33333333322222222222222224345434444222222222222222222222222222222222222222222222544444444322222243444444543222422222222222222222222244444444444444444444454444444444444446444444344444444444444444444454
33333333322222222222222544444434432442222222222222222222222222222222222222222222244444444222222444444444534222222222222222222222222244444444444444444444474444444444444447464443444444444444444444444464
33333333322222222222223353544544344434222222222222222222222222222222222222222222244444444222244245244444522222222222222222222222222244444444444444444444455544444444444444545544444444444444467444444444
33333333222222222222254244444454334344422222222222222222222222222222222222222222444444432322243444244444422222222222222222222222222244444444444444444444444436464444444444644444444444474444344544444444
33333333222222222222224232244344443444432222222222222222222222222222222222222222444444442224444444234544322222222222222222222222222244444444444444444444444444444444444446444444444444444444444443476464
33333333222222222222223233324434343444442222222222222222222222222222222222222222444444423222444444234444422222222222222222222222222244444444444444444444444444447444444444444644444444464444474737744446
33333332222222222222222244424443334444344222222222222222222222222222222222222222445444444332444432244444422222222222222222222222222224444444444444444444444444444443444444437444444444734444444474444444
33333322222222222222222232224334334443445222222222222222222222222222222222222222224444344432444442244534422222222222222222222222222224444444444444444444444444444443444444444444444444744444444444444444
33333322222222222422222252224433444333445222222222222222222222222222222222222222224444245452444452223222222222222222222222222222222224444444444444444444444444444444444446444444444444644444444444444444
33333322222222243332242222244444444334444222222222222222222222222222222222222222224444254442454442222222223322222222222222222222222426454555444444444444444444444444544664434444444444644444444444444444
33333322222223444424545222244444545544444222222222222222222222222222222222222222254444244452224522222222224422222222222222222222222235545544444444444444444444444444477434444444444444444444444444444444
33333222222224444434444222444444455444444322222222222222222222222222222222222222225444522322222424222222222422222222222222222222222225544444444455444444444444444444444444444444444443444444444444444444
33333222222225434443544422454444634433444422222222222222222222222222222222222222224444454242523552222222222222222222222222222224444355444444445744544474444444444444444444444444444436444444444444444444
33332222222224444445444422225454244443334422222222222222222222222222222222222222325544422253544522222222222222222222222443222223455544444444444444464647544444444444444444444444644444444444444444444346
33332222222254544443455522222422243443445422222222222222222222222222222222222222254544522232554522222222222222222222244443222223445544444444444444434444444444444444444444444554456444444444444444444444
33322222222254544444424442232222235444444442222222222222222222222222222222222222222454442222232322222222222222222223444455222223244444444444444444444444464444544444444444453444444444444444444445444444
33222222222222444444445432222222333344344444422222222222222222222222222222222222222444532222222222224222222222222344444444222233444544444444444444444444464353444444444443544444444444444444444444547444
33222222222223444544444432222322254543444434422222222222222222222222222222222222224544554222322225444522222222222544444444322224444444444444444444444444446444444444444446444444444444445444444454564444
33222224442234544454444452222422245445444444432222222222222222222222222222222222224455544445222225444242222222224444444444575344444444444444444444444444444444444444444444444444444444446444444444444444
32222244444344544444453322223222225454444455442222222222222222222222222222222222222445444444221244444222222222444444444444455444444444444444444444444444444444444444444446444444444444443644444447444444
32222235454444455444445222225222224255444444444222222222222222222222222222222222222454444442224444555342222244444444444444555544444444444444444444444444444444444444444446444444444444444444444446444444
32222244544444744444453222222222222444444444451222222222222222222222222222222222222545544452244544455442224444444444444444444444444444444444444444444444444444444444444446444444444444444344444446444444
22222225544444644444422222222222222555344454554222222222222222222222222222222222222455454444444444454544545444444444444444554444444444444444444444444444444434444444444447444444444444444444444444444444
22222222444444444444442222222222222454344445455222222222222222222222222222222232234445444444444444444553224444444444444444444444444444444444444444444444444444444444444443444444444444444344444444444444
22222223454444444444442222222222222544444445444322222222222222222222222222243454254445454444444444444454534444444444444444444444444444444444444444444444444444444444444444444444444444444444444444444444
22222225344444444444442222222222222445444445444322222222222222222222222222424444445445454444444444445444544444444444444444444444444444444444444444444444444444444444444444444444444444444454444443444444
22222245454444444444444222222222222444444444444322222222222222222222222242234455254444565444444444444444444444444444444444444444444444444444444444444444444444444444444445444444444444444444444447444444
22222234545444444444444222222422224544444444444422222222222222222222522554445555554444455656544444244444544444444444444447444444444444444444444444444444444444444444444447444444444444444344444443444444
22222222454544544444443222225453443444444444444422222222222222222222244444554455454444444464444444444444565444444444444444444444444444444444444444444444444444444444444447444444444444444544444446444444
22222222224445744444444222222434344544444444455452222222222222222232244454554455554544444447644444444445544444444444444474444444444444444444444444444444444444444444444444444444444444444544444437444444
22222222244444445444445222222343443444544446455422222222222222222242445454447554455444444444474444444444444444444444444445444444444444444444444444444444444444444444444444444444444444447444444454444444
22222222255446445444444222222454435444445464455523322222222222222232255454557544455644444445547444444444644444444444444444744444444444444444444444444444444444444444444444444444444444446444444474444444
22222222244533444444455222223244344444544744444524445222222222222244245454557444444444444444444754444455444444555544444444444444444444444444444444444444444444444444444454444444444444444444444344444444
22222222345443444444442222222234444644464454445544445522222222222255325455446544444444444444444544444444445454444445444444464444444444444444444444444444444444444444444474444444444444444444444644444444
22222222442445444544442222222234447474444444445554444522222222222254224455456544444444444444444744444444564746774444444444447544444444634544444444444444444444444444444444444444444444444444444344444444
22222222444444544443552222222223573445444444445454444522222222222254254655447444444444444444444644444444444444444447444444444474444475444344444444444444444444444444444444444444444444434444444464444444
22222225444444454444442222222234444446444444444554444422222222222354445445445444444644444444444645444444444444444447444444444446577444444454444444444444444444444444444447444444444444344444444474444444
22222224343434653454422222222234444444444444445544444522222222222454444645444544444444444444446444444444444444444445444444444444444744444434444444444444444444444444444443444444444444444444444444444444
22222433444444444454552222222243344545444444444544445522222222222554444445444764444434444444446444444444446444444447444477444444444444444444554444444444445445444444444444744444444447444444444444444444
22222434444334445322222222224444435444544444445444445422222222224455544445444444445354444444444444444444446454444445674444744444444474444444445746444444777644745556744444344444444446444444444444444444
22222233534544443222222222343355442444634444444444454222222222254446555744444574444446444444445444444444444444644444444444444444444454444444447443444444444444444444464444444444444447444444444444444444
22222444534444422222222222444444335444444444444444442222222222256645466744444544647444443344444777444444444445444444444444644444444444444444446444444444444444444444444444444444444454444444444444444444
22222244444444222222222222454544543447445545444445532222222222245554647464454444444433444344444444444444444444544444444444644444444457444444444454444444444444444444447444544444444474444444443444444444
22222224344442222222222222442354344454467644444444422222222222435755444445444444444444434433344444444444444444477444444444644444444446444444444454444444444444444444444444744444444444444445666677344444
22222333455322222222222222222242444544444475454454522222222225554544454744444444433444634444444444464444444444444744444444444444444444744444443444444444444444444444444644544444445744444444434444744444
32222224232222222222222222222222443244444446446574222222222224554444444444444444334443344444544444445444444444444744444444444444444444474444447444444444444444444444444454744644466444444446444444444444
32222222222222222222222222222222222444444444444444444222222255444444445444444334333434445344444444447444444444444744444444444444444444464444446444444444444444444444444444645444444564464646444444455444
32222222222222222222222222222233412544444444445554444222223445555554455444643434334454474444444444444444444444444655444444344444444444444444443444444444444444444444444447444444444444447444444444444744
33222222222222222222222222222254434544444444444444443222234555446554456444444443344344437344444444444444444444444444444444764444444444434444444644444444444444444444444444464444444444444444444444444444
32222222222222222222222222222244445544444444444555522222555445674554456444444444344443435444344444443344434434444444644444437644443444444444444744444444444444444444444444464444444444444444444444444444
33222222222222222222222222222444454444444544444554222255455444444444454444464444444444573343444444443333634433443444464444444744444444444444444444444444444444444444444444474444444444444444444444444444
33222222222222222222222222222444444444444444542542222344544446444444443444474544444444337434444444433333734343353444447444446444444344444444444434444444444444444444444445444444444444444444444444444444
33222222222222222222222222223434443244422442222222222444455464444444444434433433444434433333343444333354444344444344443644447444444444344444444444444444444444444444444444444444444444444444444444344444
33222222222222222222222222244444522222222222222222222344444444444444644343346444544433334443334333333544544444634444444744443344444454744444444434444444444444444444444444644444444444444444444444444444
33222222222222222222222222244445422222222222222222222444444447444433443433433544434444344454334333335444744444544434444444444334435447444444444444444444444444444444444444644444444444444444444444444444
33222222222222222222222222444444422222222222222222222444444445444444343344445644444444354443443443453443464444454333434444444444445564444444444434444444444444444444444444744444444444444444444444474444
33222222222222222222222223442223222222222222222222222344444464444434433444444344444454444343333334433434343444344332434444444444445344444444444445444444444444444444444444444444444444444444444444454444
33322222222222222222222244522222222222222222222222222444444444444474343444434344557443434447744444334343453444334434344464444344474444444444444446444444444444444444444444474444444444444444444444464444
33322222222222222222222222422222222222222222222222224444444444444334344444453447644644644733373343334444333363344434444444444553444443444444444443344444444444444444444444447744444444444444444444454444
33322222222222222222222222222222222222222222222222344444444444444444444443444354444333444344334342444433334443333446433334443334444444433444444444374444444444444444444444444444444444444444444444444444
33322222222222222222222222222222222222222222222234444444444444444444444443434343443356344444344434344333333433433447434474324434444444444334444444344444444444444444444444444444444444444444444444744444
33322222222222222222222222222222222222242422222244444444444454444475444445334444444354474444344434334334533344334443644433324333333444444444444443444444444444444444444444444574444444444444444444444444
33332222222222222222222222222222222222224422222344444444444444444446444444544444443344433444444443344434434344334344345343432343343334334334475444444444447444363444444444444447444444444444444445344444
33332222222222222222222222222222222252224522222257674444444444544444444364443444654344433344434444444344644344343443333333432333344343344333343374444444443536743744444444444444434444444444444444454444
33332222222222222222222222222222222222225454442444473454454444444444564434444433544344443434334343433343443333344434444434433323334334343436333434444444444444444344444444444444446244444444444444444444
33333222222222222222222222222222222222523544444444447444454444454444644433444344444444344444334443342334464434344343343344424333243434443346444444544444444444444344444444444444444244444444444444445744
33333322222222222222222222222222222222222444444444444545444447755444354644444435444443444434434333344334464334444444464453232343434344444433333444334444444444443444444444444444444437444444444444444444
33333332222222222222222222222222222222222444444444444567444574446444443744444444644444444433434564433232374343444444534542332323444543444442334444453444444444444474444444444444444443644444444444444454
33333333222222222222222222222222223222222444444444444444675444444444474644444444433344443434446343743323444344444344634543323555432444445434334333447544444444444355644444444444444444454444444444444446
33333333222222222222222222222222244222222454444444444444344444444743443744444446433333334436773444354446343333444344434344335224333444555554333344444474444444444443644444444444444444444444444444444454
43333333332222222222222222222444444424353545444444444444444555544474433744433464343444344433433443447334633334444436444344443334434542444434342443334435544447444444444444444444444444444444444444444444
43333333333222222222222222224454444444444444444444444444464447644444434474434473334433344334333434444574343333444445444434543344434444444443534343636344576444544444475444444444444444444435444444444444
43333333333322222222222222224444444444444444444444444444447734444443443464335444433343463344434444443346344334444444344444343444444445547444544434444374443444374444444444444444444444444444544444444444
44333333333333322222222222222244444444444444444444444444444344464433443434444444433323533334443344437344644444443445444444444444444444443444453434334434445344445444444644444444444444444444444444444444
44434433333333322222222222222244444444444444444444444444444454344443374443334344333336333343343444433343346544444746444544445434344555644444734432343344444544444744444446444444444444444444444444444444
44443443333333333222222222224444444444444444444444444444444474543443464434244443633663333333333463433444334343444444644444434344435447444646454444433343444454444464444444364444444444444444644444444444
44443433433333333222222222222454444444444444444544444444444435434643734453535533476434424333333433433334333333444454464444434353444443444444453763433444444464444436444444435444444444444444444444444444
44444433433333333322222222222323444444444444444444444443644447544743444444344723343344333333333434332443233333344444445446664444454444444444434532724334444444444434444444445444444444444444444444444444
44444444444333333332222222222222254444454444444444444744474445444533444444444754445534423333333323423443234443253444443543434445453644444444454337353334444444444444444444444444444444444444444444444444
44444444433333333333222222222222224444544444444444447444446444443344344444433465764433424333335325324543554354433444443444434445447544444444444433333333444447444544444444444444444444444444444444444444
44444444444333333333332222222222223225545444444544464444443445433344444456733443333333334435343533535345434533453444444444444445454444444444433444454333444444444444744444444344444444447443344444444444
44444444444433433333332222222222223224444453545444444444444444333454445673675334434334234434233333443333354723454444443444454444474444443444344444433433344444744444744444444454444444444444444444444444
44444444444444443333333322222222222222456444444644444444444443434434434633223634344536534273322534443355577233444444444454474444454444444444334444442244344444444444444444444444444444444444444444444444
44444444444444443333333322222222222222344444444454444444444544334454473332344433433437333343424424542457433446444444443444464444744444444534433444444423344444474344774444444444444444464444444444444444
44444444444443444433333332222222222222254444444446444444444734434354334335343324353447545434232545344534524437444444444554464444644444444342444444444443344434434544464444444444444444444444444444444522
44444444444434444443333333222222222222344444444445444444444564444446343333543333334257343323545343554545455355444444444474474444444444444334343444422544444444437544434444444444444444544444444444454222
44444444444444444444333333322222222222244444444444444444444446434344434365333425442724433644233347377444535544444444424447454444444444444433343444544453344444444544444444444444444476444444444444442222
44444444444444444444433333322222222222224444444447444444443444344444433224344424342343473275352345534536456662434444444444354444744444443443334444533372434444444444444544444444544454444444454523222224
44444444444444444444443333332222222222224554444445444433344344644444442253455525767323424423734444454433233332743634444444464444744444444435344467444443434444444444444444422235424444444444545222222222
44444444444444444444444333332222222222222555544444444444344444333434444462343437355334455354633444543344544545476454444444654444644444443533434434334353444444444444444444422222444444444544452222222222
44444444444444444444444333333322222222222225544444444433443444444364442533345632544733445535643545544444454344444654444434464444644444443444434443444336435544446444444444422234444444454445542222222222
44444444444444444444444433333322222222222254444443444434334543353474444443472454557255444254255363544545444453545344444335474444446477435433445434443347343444447444444444322222344544445444222222222222
44444444444444444444444433333332222222222325444443343443333443374344436424323234444453544432434436444434443466444544444444764444444444447744454433444733425544446444444455222222222322254354222222222222
44444444444444444444444433333332222222222224444444646333333443473474426444354355544353453447353555555545333444435444444444454444444444444435733434334225434444447454444452222222222222244443222222222222
44444444444444444444444433333333222222222245444444444733334534343463444352376754563445545557565445554533334335366444444574454444644444444334433337434463343344446444444532222222222224444452222222222222
44444444444444444444444333333333322222222224444444443323342432343374443453543265544544443535544555542223333354444444434444474444444444443534333332233332333444447454444522222222222244444444422222222224
44444444444444444444444333333333322222222225444444444444342453344653344334233655444544444445545554522243445344444554433444774444444444444533443234354432345444547454454222222222222444444444422222222224
44434444444444444444444433333333322222222244444444444444634443233243342343233454646444444447544552222235353244444645434544444444544444444332333453334233434444557444565222222222224444444444332434342224
44444444444444444444444333333333322222222244444444445443532443343473243233524544454564444555755422222244333344344435544444446545444444333235245555444755434444444746454222222222222254544444444445144444
44444444444444444444444333333333323222222244444444444443333333323374532532355573374455444574454662222244424444444543777574444434644444433355545556433444444444546446677222222222222223544444444454254476
44444444444444444444433333333333333322222244445444444473344333323444423434444444437434456565644462222244234433434443444434644444444444445445544443444744454444467455444222222222222222344343342333223444
44444444444444444444433333333333333332222244534454634763334333324553345444444444444343445645555444222224232243443444444434356454444444462434444444444454444444477444547222222222222222244325422222222354
44444444444444444444433333333333333332222244446644354433443333373473342436454644444333344454455552222224234233334444444444444474475456333454444444444454444444555444342222222222222222433264422222222234
44444444444443443333333333333333333232222224464444444344343333355373242445247344344345344445555552222222242533445443434434543447735744774344444443444444467445474442222222222222222222443422222222222255
44444444444443333333333333333333332222222244454644444433445434355444324443543433433344334344445552222222242444343333233334436444444454535473444443444444444455454444222222222222222222432522222222222222
44444444433333333333333333333333332222222244444444444434333334344444443435334334453445232433444552222222222243333334333634344434444454444444444445444444444445476442222222222222222322244222222222222222
44444444433333333333333333333333332222222244444474444444433326444443433344453324322225543333344542222222222245434332245333447444444464533475444447444444444444654442222222222222233332222222222222332222
44444444433333332233333332222333332222222244444444454443433633454445542335555555422222443454334444222222222244344343342444343733243474235446444444444444544776444452222222222222333333222333333232333222
44444444433333222222333222222332332222222244444444566455435344555474335423645554222222244453533445222222222344444432343344333244444454254444454444444444475444444452222222222223333333333333233333333322
44444443333322222222222222223332332222222344444444446446534434344474543434443455222222225555343334422222222234455444434433347234444343454345454444744454444444444452222222222233333333333333333333333332
44444433333222222222222222222232222222222545444444445644332455444437557434444422222222223344434334452222222222434553344432444533344334434344444757544556444444444422222222222333333333333333333333333333
44444333333222334422222322222222222222222444444444444434333444555444463443442222222222222544344543444222222222344445335452563433333447545434444445444744444444444422222222223333333333333333333333333333
44444333332223432343434434222222322222222444444444335444344554525453444444422222222222222444344354344422222222234444434454224343443343644343444444444444444344444432222222233333333333333333333333333333
44444433322224334334434444424444443442224444444444445444555545222344443454222222322222222454454474433422222222222434455343433343333344443344444444444454434444444222222222233333333333333333333333333333
33344433332444334425432343343344334434444444444344444544555553222222245435222232332222222434544433435542222222222352444433264333454444434534443444354454434344442222222222333333333333333333333333333333
33343333324344347323443432444333434344434434333333334734444422222222225553233333332222222253444445434452222222222244245425324234343233475454334544434344344435442222222222333333333333333333333333333333
33333333323454347433233444343473333343344333334327233734345422222222222232333333332222222345544443533342222222223222443334443733334342444334434434444443434444442222222222333333333333333333333333333333
33333333324544435443524344534434543344234433334354323632345322222222233333333333322222222235534343444442222222222222245334342533423442334343533324333343335554452222222333333333333333333333333333333333
43333333333443333335254334533333326333344343555324452264345322222222233333333333322232224225454464334344222222222222232544334342443333333423344454533334444454542222222333333333333333333333333333333333
43333333323343344434433352333333433543444544444552354355534322223323333333333333322343222222534374534544222222222222222242435354543333442344332323343454344445422222222233333333333333332233333333333333
43333333322342434324233346333333343375344333334555453275354322223333333333333333324454222222444454323335222222222222222225535344544334664437733455533335444445222222222233333333333333322233333333333333
43333333322353473332343343333333323324334444323324355762425522223333333333333333333535222222254446345554422222222222222222445434344337433553233344444454544454522222222333333333333322222222222222233333
33333333322333433222343333333333333442443344456353327545455422233333333333333333334345222222224443534534342222222222222222243455644342535337234674444444444433422222222233333333332222222222222222222333
33333333322347243423343363333333333324444334444433426453555522333333333333333333225544222222222445434445534222222222222222223263353445333442445424334744344424452222222233333323222222222222322222222223
33333333322532523434333363333333333654433644344444343344344422333333333333333333225352222222222247444333334422222222222222225543422544354534262324234337447513642222222222222222222221266557322222222223
43333333322344332333243333333333334373333334444444643342254522333333333333333333223552222222222256454433443444433222222222222435323453344423653345433444541111112222222222222222222611111111122222222222
33343333332445534343433533333335325434333335444444443453455222333333333333333333324552222222222274435554445445332222222222222244324344434343764445434434431111112222222222222222261111111111142122222222
43433333322343453534334333357342263347334433454436433545452223333333333333333333323552222222222224464424544444522222222222222243276455444354454543543443543111116222222222222222611111111111112112222222
43334333332244334334343524533332432343333343334453343344322222333333333333333333322332222322222222553545444544452222222222222245324323344545544355324334445111111622222222222224111111111111111112222222
44333333322244534354323333333333333333343333376764344544222333333333333333333333222222222332222222245353454344446222222222222544534543443556334333255333344111111112222222222211111111111111111117422222
44434433322254387653333333333333243333333333333337354322222333333333333333333332222242222332332222222225544535374442222222222243547254542534442453545653411111111111617326222411111111111111111111117222
44444433322247633374333333333333544333433333334434342222223333333333333333333332322344222323333322222225435432643444222222222355243534445454545543555443411111115211211111167111111111111111111111111126
44444333322244544433333333333335344333333333333433622222223333333333333333333333222335222333333323222223455234434444422222222444443444243544437444553444521111232244611111111111111111111111111111111111
44444333322244544433333333333324333335753433333345222222223333333333333333333332444364222333333333332222366453244444442222222544424434345543453542322222711116222222243111111111111111111111111111111111
44443333322244443433333333333353442262337333232454322222233333333333333333333333444335322233333333333222234555343444444422222544434444425455444222522222113112722222542111111111111111111111111111111121
44443333222243443433334334224443343324334433332442222222233333333333333333333332244333523333333333333322222433244455544422222444353462444453533322222232225622462223111111111111111111111111111111111442
44443333222443433433254333433343333633434233343442222222223333333333333333333332242534332333333333333322222243355442344542222234433425337433445422222222246413285566311111111111111111111111111111111111
44444333222443435333344332454433333333333444445552222222223322223333333333333332233434233333333333333222222443335442223543222454352546442522454242222222215111211111111111111111111111111111111111111111
44444333222444343444444355435345437332434433445422222222222222223333333333333332244433223333333333333333222244334332222344222265555344444322232423222233281111111111111111111111111111111111111111111111
44444333222443534444444544343354533334344443345222222222222222343333333333333332255434233333333333333333222223563422222243222225443343524532243422223422211111111111111111111111111111111111111111111111
44443333222444443434335334433653433333333333345222222222223422324333333333333332233435233333333333333333322222225522222242222222433443334522222222224222611111111111111111111111111111111111111111111111
44444333223443445454354323333333333373333335542222222222235442333333333333333332245534233333333333333333333322225422222222222242243534544462222222222222611111111111111111111111111111111111111111111111
44443333224344363444443343332244333333333343452222222222244442333333333333333332244334223333333333333333332222244332222222222223455334454444222222222222412711111111111111111111111111511111111111111111
44433333224447744334434344334422333343333344452222222222224433333333333333333332344534233333333333333333333322245244222222222224244334445444222222222222462611111111111111111111111111211111111111111111
44433332244474444344444454373434356673333344452222222222222423333333333333333322255455233333333333333333333332224344222332222222244444444444622222222222344111111111111111111111111111141111111111111111
44433332253444444443445444334344733333333333542222222222222233333333333333333332344525233333333333333333333332223454222333322222425534334443233422222224532111111111111111111111111111121211111111111111
44333332244544444444444657443334333333333233432222223522222333333333333333333332233522233333333333333333333332222354323333322222222345334334222222222222333411111111111111111111111111111311111111111111
44333332245544444445674344433373333333333343333222225222223333333333333333333332223222233333333333333333333322223352233333333223222443343543352222222222222611111111111111111111111111111111111111111111
44444333243444433434334443444334233332333333334422222222233333333333333333333333222222333333333333333333323232223422233333333333324444443444244222322222222611111111111111111111111111111111111111111111
44444433235444444544333334433334333242333443325322222322233333333333333333333333222222333333333322333333322222224322233333333333325355535454425442222222262111111111111111111111111111111111111111111111
44444433224444444743344344434333334424434334553222222223333333333333333333333333322323323223222333233222232322252522333333333333322243353554444432222225467811111111111111111111111111111111111111111111
44444433332344444443433334333344443423344344432222222333333333333333333333333333333322222222332322222222222322245523333333333333333243425354444352222222537711111111111111111111111111111111111111111111
44444433322244444444334343433443434543343455522222233333333333333333333333333333333322222222222222222222222233325233333333333333343223253225432432222223373111111111111111111111111111111111111111111111
44444333322344443434224434334465425443443544422223333333333333333333333333333333333222222222222222323422222425352233333333333333223224333333355424222222222511111111111111111111111111111111111111111111
44443333322444444443343434436343473254345434222223333333333333333333333333333333322222222222222224454442223452442333333333333333323244454454333522222222222221111111111111111111111111111111111111111111
44443333322344445444444453664433333443444454222233333333333333333333333333333333332222222222222224334534354252222333333333333333323244333444422422252222222221111111111111111111111111111111111111111111
44443333322344444444444447444443433333424444222223333333333333333333333333333333332222222222222224435234435532233333333333333333332324533454422223222222223561111111111111111111111111111111111111111111
44444333332244445354455444444232324222443542223333333333333333333333333333333333322222222222222222236544335522333333333333333333333322435454442222223222322231111111111111111111111111111111111111111111
44443333332344444445344444444434422235435222233333333333333333333333333333333322222222222222222222222444455523333333333333333333333222333332432224242222222228111111111111111111111111111111111111111111
44443333332455445454446444443334333434352222233333333333333333333333333222222222222261461222222222222244443343333333333333333333333232343443322222222222222222511111111111111111111111111111111111111111
44333333332424552222457443444332324335442222233333333333333332222223332223225222222211113226222222222223543343333333333333333333333332344553222222223422222422111111111111111111111111111111111111111111
44334333332222242222354444342353455443532222233333333322222222222222222233223452224111112222222222222222243353333333333333333333333333554542222222224322222216643111111111111111111111111111111111111111
43344433333222222222255443333345435554422223333333323222222222111122224611111133111111117311222322222222244423333333333333433333333333342554222222222224222233221521111111665211111111111111111121111111
33344433333222222222244444344322232232222223332222222222225111111112251111111111111111111113222222222222222423333333333333333333333333322424222224324422222228424266211111522261111111111122515221214161
34444444333333222222224424564222222222222223322222226654111111111111111111111111311111111112222222222222222223333333333334333333333333333322322222222222232232242222611111422223111111111222264261511111
44444443333333322222224434222222222222222222222222411111111111111111111111111111111111111222222222222222222223333333333444433333333333332222222222222222222224224232811111222223211111116222222211611111
44444443333333322222223444222222222222222222222221111111111111111111111111111111411111111522222222222222222223333333334444433333333333333323222222222222222222424333271175233222231111162222222511311111
44444444433333322222222434222222222222222222222241111111111111111111111111111111411111111322222222222222222223333333334444433333333333333332222222222222222222253333225333333332231116722222222211111111
44444444433333322222222232222222222222222222222611111111111111111111111111111111611111111722222222222222322223333333344444433333333333333332222222222222222222253333333333333333222322222222222216111111
44444444433333333222222256222222222222222222212111111111111111111111111111111111311111111122222222222222242223333333444444433333333333333333232222222222222222223333333333333333322222222222222661111111
44444444333333333222222113222222222222222224411111111111111111111111111111111111611111111112222222222222222223333333344444443333333333333333322222222222333332223333333333333333322222222262222711111111
G4444444333333333222222111222222222222222221111111111111111111111111111111111111111111111116222222222222222223333333444444443333333333333333333342222222323243333333333333333333322222222322222311111111
