M5286546855682651513992986553756292371721886285637
37667282423896177543862513262982958768979189242158
31544832433287691711517876597747538426361632571115
29397782331564623875659746189837226412799968194723
51284812315424126218957457524846423344145433146296
66993755116191928857922632863924841987152143112678
68687617691126853983423724931881579945965728157518
39319117535661718252863391583844522985937824349483
31982929432289992793598544221975835147127952321262
95873989118839654865221197983522659171536944425917
86499458435195979561578715531696653794559213323625
11398258226614165524481517789476811356835328624229
99134414552523715451683766291874262732652737674135
48623289479242992472441594292146281963952328647897
43267194496974491898381277323845575481776879576229
92586975896733644955744898161439997764158444344266
45449911728875317942229615835165151579831795231857
29414471595478665556952675459399239585572367356591
71698936991739163999212666756985875913218581435466
52598455914225623118463431333973546469885789795169
36769826874741862252334481542464787654574593221591
24962117992572925516127525144936463297754675131594
32311277998982624577517787681519429355389268711895
78486323668992348531123569984844438975912671412273
94286817761354586768799512832611827416622298169992
67212797336836861139934234796495447739174735887862
61818572925377863191619173822486898771314846584326
96586652321898343526176365648378749275681344517641
92569856912426258538512922618475124234636626651689
47164966413844274111134673813149159163849469358249
97322578523271647552352922712858622211368585911935
68176171844215654137988875764759682657827679719464
32221336122129153539688985663361681375221853142961
31181335166889635231835511228177149884341637734864
91629829254148684288438862865725754192824696981431
21885858347819253748918665554853767228984349571927
14214447382218888916495211765757678929499567251572
97457617327913659931774466938449875868686451213126
76451324347616948362597768972682181796616436884448
11483679599341685347825273856147633158987571983323
91514637476849675642366227255371659417318278815877
99171243374488256567272681317388883328397433563492
98731378887223628215677769796828381915366228224373
71156198599781423477746645614168551825736652142915
34443396637739984451856197664785121743117597995876
84856219715264998488776997166317671379435567881576
19276337933876116256798225782926893137333269638934
96615291768626927155319345576548332239794644244564
48372994327519228613719231583578823655592714888525
9966365299672626823167463355149421322175564127624G
