M9166527461189985899495855675675825983659233555677
71619589428457834569758997756787898568434598563912
24815954779519753411441479688522986161731312748145
13421335616534167612133669765656477664575881493657
88119886867569879141645954975883131949242892327743
91236164956614242177222569394923571388549242741518
18281853687347376939227687993292567887459488327753
52456129163489198899883819575456668329339284275338
92788526619856917763442868199952641847644662123454
58823632734947224296673228886436266696485763192115
21218699154685378227979242499462828777314326919649
93418891164468571693488298816536483974139176844781
13795184719162224186995823328483474715578682665967
69363584891598553572942373985413685287216524935349
26758926112737857594736353345599454973464421682693
55427263987625544825578729134519249368746154567298
28679835558635611841353247645831449384997714515181
48424335765856978236966861786327387534439838158959
72182185756125285338117837143541873744927435792377
67584359657462237686116612185529655825478472691694
11817454961857447338198485518936718461574256257718
31692964683544728146395869619191918993968569534691
64391245533554478624729485392955299936187937493959
65276877647614913585719473212155526197971824615934
65317275863978812865156746275632736939939259768434
88995554793317856498163697491762758514478273194822
26337238662534466698828627737844625312489915636772
19467931293571431416674467455693348691229674454242
18511644521221815836585875642693835834518566347146
59191717544589433138376783224615378658929578619771
36255932366862763253117649284132524372886281996213
98445664463873216758225587879597119454694115844513
91793186696717187372261427574635558816994188897751
41369872474759483831876152184212253376452292856448
19115279736294854663324681218424116513354941814861
32384952293827883515818562321768518658427323246889
88149127678381398443668629637137382594358595956649
81531226613199434595583389988354537277769935354795
64764647635619681816111982234969997151136168578981
14191919167996919648683389259557986484645344984195
98467777217241272211347734989977442444875137927628
68357877342736631411532713258319672757758258833381
31815824989885828191775719148886949772772282962832
21395474416166893577647793712683497789638668454682
89218312232979191629268895763243366426327394156542
65793327943266355627912185491177127634471772353774
68963514181956196163253397798828137371146765739396
51389391335777735639677292677342436722181937569955
85389868391223744527856493579919325938291326812679
3643513687134487319718541429866369173691162223343G
