3333333333333332222222222222222222222222222222222222222222222222222222222222222222222235344442334444454445222222222444444422522234444444444444444422222222222222222222222222532223444444444444444442222444444444444444444454444444434444444444444444442444
3333333333333332222222222222222222222222222222222222222222222222222222222222222222222224344343434434444442222222222444444427232444444244444455445222222222222222222222222222322424444444444444444444232444444444444444444544444644644444444444444444444444
3333333333333322222222222222222222422222444422222222222222222222222222222222222222222224453453433444444452222222222344444432323444342244444255542222222222222222222222222222434445444444444444444444252444444444444444454646754444444444444444444444444M44
3333333333332222222222222222222223433344444322222222222222222222222222222222222222222224444454444434445522222222222344444472425444452247645444452222222222222222222222222224444353544544444444444444272444444444444444446445476444474444444444444444444442
3333333333333222222222222234222224444444444422222222222222222222222222222222222222222222233444344444444322222222222354444534444444442444444435452222222222222222222222222444444332444544444444444444252444444444444444457454444444444744444444444444444442
3333333333322222222222222245222224444444444222222222222222222222222222222222222222222222254334534444455222222222222544543334444444422444444444432222222222242222222222222244445222444454444444444444454444444444444444443244444444444344444444444444444443
3333333333322222222222222444222224434444445222222222222222222222222222222222222222222222225543344444452222222222222254446444444444422444444444442222222222222222222222222444544222235224444445344444474444444444444444542344444444444444444444444444444444
3333333333322222222222223442222244343344452222222222222222222222222222222222222222222222222344444444442222222222222223345444444444423444444444442222222222222222222222222554542222222254444444344444464444444444444444522734444444444454444444444444444444
3333333333322222222222234452222253344444422222222222222222222222222222222222222222222222222234544444222222222222222244444444444444323444444444452222222222222222222222222242222222222244444444444444454344444444444444444644444444444444444444444444444444
3333333333322222222222254442222345544444222222222222222222222222222222222222222222222222222255444452222222222222222223444444444443223444444444422222222222222222222222222242222222222244444444444444446444444444444444444444444444444444544444444444444444
3333333333322222222222244442222333444435222222222222222222222222222222222222222222222222222222534322222222222222222225444444444444234443444444432222222222222222222222222252222222222244444444444444444334444444444444444454444444444444444444444444444444
3333333333322222222222244422222243444452222222222222222222222222222222222222222222222222222222222222222222222222222224444544444444234443444444422222222222252222222222222232222222222344444444444444444324444444444444444464444444444444434444444444444444
3333333333322222222222235222224454344442222222222222222222222222222222222222222222222222222222222222222222222222222222474444444444234444444444232222222224422222222222222222222222222444444444444444444464444444444444444464444444444444444444444444444444
3333333333322223222222254222224354344444222222222222222222222222222222222222222222222222222222222222222222222222222222745444434444344444444444422222222244522222222222222222222222222444454444444444444445444444444444444474444444444444544444444444444444
3333333333322222222222322222224332444542232222222222222222222222222222222222222222222222222222222222222222222222422222444444444444344444444444422222222444322222222222222222422222222444444444444444444446444444444444444474444444444444544444444444444444
3333333333322222222223422222223445534442344434444322222222222222222222222222222222222222222222222222222222222224222222254444444444444444444444422222222444222222222222222224422222222344444444444444444444444444444444444544444444444444544444444444444444
3333333333322222222223522424235534434544344444444422222222222222222222222222222222222222222222222222222222222444222222244444444434444444444444422222224445222222222222224444432222222244444444444444444454444444444444444744444444444444644444444444444444
3333333333322222222222322444334344335733335444444422222222222222222222222222222222222222222222222222222222223444222222244444444444444444444444422222224444222222222222224444442222222244444444444444444444444444444444444544444444444454444444444444444444
3333333333322222222223422444425534543533353344444522222222222222222222222222222222222222222222222222222222224444222222244444444444444444444444422222224444222222222222225444444222222244444444444444444454444444444444444444444444444644444444444444444444
3333333333322222222223322444423444347344533444444222222222222222222222222222222222222222222222222222222222234444222222234444444444444444444444422222224443222222222222244444444422222244444434444444444444644444444444444344444444445444444444444444444444
3333333333332222222224322243434435333234443444444222222222222222222222222222222222222222222222222222222222255444225222224444444444444444444444224222224442222222222222244444444422222244444444444444444444744444444444446444443544447344447444444444444446
3333333333332222222224222225553444573345433433444222222222222222222222222222222222222222222222222222222222345454223222224444444444444444444444224222225442222222222222244444444422222444444444444444444444764444444444445444444442446444444444444444444444
3333333333332222222223322222345544323353234455444222222222222222222222222222222222222222222222222222223254455442222222224444444444444444444444224222224522222222222222244444444422222444444444444444444444444444444444464444444744443334445444444444444474
3333333333332222222223222233323343544532554434442222222222222222222222222222222222222222222222222222234544524442222222222444444434444444444444322222223222222222222222244444444443224444444444444444444444447444444444444444444544444674354644444444444444
3333333333332222222223222222234334624433332354442222222222222222222222222222222222222222222222222222255324444442222222222544444444444444444444232222224222222222222222444444444444556544444444444444444444445434444444444444444545365335644446764444444444
3333333333332222222222222222244657544333334344542222222222222222222222222222222222222222222222222222244524444442222222222454444444444444444444242222222222222222222224444444444444455444444444444444444444443444444446544444744444735544644554443444444644
3333333333332222222222222222234333344455455545322222222222222222222222222222222222222222222222222222444424444452222222222144544444444444444445342222222222222222222224444444444454454575444444444444444444464444444447444444464444355444344444747444444444
3333333333332222222222222223444445544444444455422222222222222222222222222222222222222222222222222222454444444442222223222224444444444444444453432222222222222222222224444444444444444546544444444444444444474444444446444444454444443344444436444454533444
3333333333332222222222222322243533453235445544222222222222222222222222222222222222222222222222222222242442545442222222222225444444444344444453422222222222222222222224444444444444444444744444444444444444454443444447444444474444444744444464444456446444
3333333333332222222222222523444246424353555444222222222222222222222222222222222222222222222222222222432454444442222222222222444444444544444452422222222222222222222224444444444444444444446764444444444444454447444446444444464444444344443744445434444444
3333333333332222222222224224444533434534453553222222222222222222222222222222222222222222222222222222442445444444442222222222544444444444444433422222222222222222222224444444444444444444444445444444444444474443444444444444444444444454444344444444444744
3333333333322222222222222222342445454455445342222222222222222222222222222222222222222222222222222222444444444444452222222234444444444444444523422222222222222222222224444444444444444444444444644444444444446756444444444444644444444644444444444444444544
3333333333322222222222222223342343425344544442222222222222222222222222222222222222222222222222222222544444444444442222222225444444444444444523322222222222222222222224444444444444444444444444644444444444444444444454444444744444443463443444444444444334
3333333333322222222222222224224445245545344445222222222222222222222222222222222222222222222222222222544444444443452222222223544444444444444523222222222222222222222224444444444444444444444444444444444444444444444474444444744444444446346444444444444444
3333333333322222222222222222223434334453545452222222222222222222222222222222222222222222222222222222544444444444322222222254444444444544554522222222222222222222222224444444444444444444444444444444444444444444444474444444744444444444464444444444444334
3333333333322222222222222223222444454334454222222222222222222222222222222222222222222222222222222222544444444442222222224344444444554222222222222222222222222222222224444444444444444444444444464444444444444444444534444444344444444444444444444444444474
3333333333322222222222222224244434444344443234222222222222222222222222222222222222222222222222222222244444444442222222234444444444554322222222222222222222222222222224444444444444444444444444454444444444444444444744344656444444444444444443444444444454
3333333333322222222222222222243234254554444344422222222222222222222222222222222222222222222222222222255444444442222232244424444444532222222222222222222222222222222224444444444444444444444444444444444444444444444464544444444444444444444456444444444344
3333333333222222222222222233423453444544433433443222222222222222222222222222222222222222222222222222244444444322422225244422444444422222222222222222222222222222222224444444444444444444444444447446644444444444445643444444444444443444444444464444444544
3333333333222222222222222245425325444444433344445222222222222222222222222222222222222222222222222222444444444422322244254432544444322222222222222222222222222222222224444444444444444444444444444444477544444444444634444644444444444644444444447444444644
3333333333222222222222222244523433444344444344444322222222222222222222222222222222222222222222222222444444444422224444244432344444322222222222222222222222222222222224444444444444444444444444444444444444444444444564444744444444444444444443444344764474
3333333333222222222222222224323232244444444444444422222222222222222222222222222222222222222222222222444444442222225444444542254444422222222222222222222222222222222225444444444444444444444444444444444464444444444444445744444444444644444446544647444436
3333333332222222222222222222223232244444343354443442222222222222222222222222222222222222222222222222344445443444412444444222444444422222222222222222222222222222222222544444444444444444444444444444444447674444444444464444444444445444444443346434444444
3333333322222222222222222222224252244434443444434442222222222222222222222222222222222222222222222222355444444454522444442222444445522222222222222222222222222222222222444444444444444444444444444444444444446444444443744444444444443444444444444444444444
3333333322222222222222222222223222243444344444444452222222222222222222222222222222222222222222222222244444435445522444444222444434422222222222222222222222222222222222544444444444444444444444444444444444443444444476444444444444444444444444444444444444
3333333222222222222222422222225222244333444433444452222222222222222222222222222222222222222222222222233444443454432444445422233222222222222222222222222222222222222222544444444444444444444444444444444444444444444434444444444444445444444444444444444444
3333333222222222222434342242222222444444454433443442222222222222222222222222222222222222222222222222223444452544432454444222222222222432222222222222222222222222222242445545545444444444444444444444444444444554466344344444444444444444444444444444444444
3333333222222222234444524454422222453444544453444442222222222222222222222222222222222222222222222222233444422444432222452222222222222442222222222222222222222222222223456455555444444444444444444444444444444474556444444444444444464444444444444444444444
3333333222222222233444334443422222444444544544444443222222222222222222222222222222222222222222222222233444422255422223442222222222222542222222222222222222222222222423554745657764444744444444444444444444444446544444444444444444474444444444444444444444
3333333222222222434444434444322223445444455544454444222222222222222222222222222222222222222222222222223444444222232222342422222222222242222222222222222222222222223222554444444445445364444444444444444444444444444444444444444444454444444444444444444444
3333332222222222544344443544442224545554625443333444222222222222222222222222222222222222222222222222223444454543242522455222222222222222222222222222222222222224444535544444444444574446444344444444444444444444444444444444444443644444444444444444444444
3333322222222222434554434444452224344555235444433444222222222222222222222222222222222222222222222222323444432224332545542222222222222222222222222222223222222224444444544444444444444444745764744444444444444444444444444444444744444444444444444444446576
3333322222222223333444444444542223234232233344344444322222222222222222222222222222222222222222222222322554443222223455552222222222222222222222222234444522222222445554444444444444444444546435454444444444444444444444444457554544444444444444444444447444
3333322222222224544444344544452222324222244344344444422222222222222222222222222222222222222222222222242454444322222355532222223222222222222222222554444423222224444554444444444444444444455444474444445644444444444444446554455444444444444444444444436444
3333222222222222334444444424444222222222243354444544543222222222222222222222222222222222222222222222222344444422222222232222224422222222222222234445444422222222454444444444444444444444444444444444474444444444444447444444444444444444444444444555433444
3332222222222222244444444424543222222222333434444444444422222222222222222222222222222222222222222222225444444322222222222222244522222222222222444444444432222243444454444444444444444444444444444435444444444444444464444444444444444444444444444535474444
3332222222222222443444454544443322222222244554433444434422222222222222222222222222222222222222222222222344445522223522222244344322222222222224544444444442222324444444444444444444444444444444447564444444444444444434444444444444444444444444445475644444
3332222223222224454544344444344222224222234444344444344442222222222222222222222222222222222222222222224555545544434222222355544322222222222224444444444444753444444444444444444444444444444444444444444444444444444744444444444444444464444444444344444444
3322222254443434444444544444444222234222225454333344445452222222222222222222222222222222222222222222223345544444445222223444444222222222222344444444444444754444444444444444444444444444444444444444444444444444444744444444444444444474444444444444444444
3222222244454434445444444443332222235222224545433444455444222222222222222222222222222222222222222222222444544444454222224444442222222222234444444444444444554444444444444444444444444444444444444444444444444444444644444444444444444437444444444544444444
3222222225444444443554444455522222252222222225444444444444422222222222222222222222222222222222222222222245444444452223444445554442222224444444444444444444555544444444443444444444444444444444444444444444444444444444444444444444444444444444444644444444
3222222344544544444444444455222222222222222244544444444455222222222222222222222222222222222222222222222354554444432244454445555442222444444444444444444444444444444444444444444444444444444444444444444444444444444444444444444444444444544444444744444444
2222222244545444446444444552222222222222222254443444454555222222222222222222222222222222222222222222222255554444444444454444545545425544444444444444444444444444444444444444444444444444444444444444444444444444444454444444444444444444444444444544444444
2222222223444444445444444443222222222222222245543444454445322222222222222222222222222222222222222222224225554444444444444444445544445444444444444444444444444444444444444444444444444444444444444444444444444444444744444444444444444444644444444344444444
2222222222444444444444444443222222222222222345444444445444522222222222222222222222222222222222222232224444555444444444444454444553223544444444444444444444444444444444444444444444444444444444444444444444444444444744444444444444444444644444444344444444
2222222223444444447444444444222222222222222254334444455444432222222222222222222222222222222222434444224444544544444444444454444454545444444444444444444447444444444444444444444444444444444444444444444444444444444744444444444444444444744444444644444444
2222222235354444447444444444222222222222222444544444455444332222222222222222222222222222222232244454424444554544444444444444454444546444444444444444444447444444444444444444444444444444444444444444444444444444444744444444444444444444444444444644444444
2222222343554444445444444444222222222222222544544444454444522222222222222222222222222222222322244455555544457744444444444454444444546444444444444444444447444444444444444444444444444444444444444444444444444444444644444444444444444444744444444644444444
2222222255544544444444444444222222222222222344544444444444452222222222222222222222222224522232445554255444444654454544444444444444457444444444444444444446444444444444444444444444444444444444444444444444444444444644444444444444444444744444444354444444
2222222225544544446444444445322222224422222444443443444444442222222222222222222222222222444444454554564444444444554544444444444444544444444444444444444734444444444444444444444444444444444444444444444444444444444444444444444444444444444444444454444444
2222222222445454447444444443222222254433443544443444444444442222222222222222222222222225544445544555474444444444474444444444444444564544444444444444444444444444444444444444444444444444444444444444444444444444444444444444444444444443444444444434444444
2222222222222344447444444434222222224534343454444444444444444222222222222222222222232244445445444555454554444444446444444444444444564444444444444444447444444444444444444444444444444444444444444444444444444444444544444444444444444446444444444434444444
2222222222224454474434444444422222222334344454434445446445553222222222222222222222252344545545474555544644444444444574444444444445454444444444445444447444444444444444444444444444444444444444444444444444444444446644444444444444444454444444444734444444
2222222222244444444454444444422222222353343544444444444445542222222222222222222222222255545544564444454564444444444446444444444444644444444444444444444564444444444444444444444444444444444444444444444444444444444444444444444444444474444444446444444444
2222222222244545544344444444422222225543543444443444454444542445422222222222222222224255545554574444444444444444444554744444444444444444444444444444444446444444444444444444444444444444444444444444444444444444444444444444444444444454444444447444444444
2222222222244553644444444444222222233234344544447447544444452444452222222222222222344244545555574444444444444444444444475544444455444444445554544444444443444444444444444444444444444444444444444444444444444444445444444444444444444444444444434444444444
2222222222344444444444454445222222222254444664444644444445554444454322222222222222455324545554465444444444444444444444454444444444454445644444455444444444644444444444444444444444444444444444444444444444444444447444444444444444444444444444464444444444
2222222222445247444444454445222222222234333434344444444444555444444422222222222222554224545554475444444444444444444444474444444444564455734464565444444444454444444444446765444444444444444444444444444444444444443344444444444444444454444444434444444444
2222222223234454445445444444222222222245443434744444444444555444454422222222222222443225645544565444444444444444444444574444444444447754564544447444444444445444444444474446444444444444444444444444444444444444444644444444444444444644444444444444444444
2222222222444444444444443544222222222243567444744444444445545544444422222222222222544254465544474444444444444444444444464444444444447444444444447444444444444464444447744444744444444444444444444444444444444444444544444444444444447344444444446444444444
2222222225444444443545444452222222222244434444444444444445455444444422222222222222554445444544456544444464444444444444464544444444445444444444447444444444444446546644444444754444444444444444444444444444444444444444444444444444464444444444447644444444
2222222224344343455534544432222222222234444444464444444445554444444322222222222223554444464554444544444444444444444444744444444444445444444444445444444444444444444474444444344444444444444444444444544444444444444464444444444444454444444444444344444444
2222222435543445543334454542222222222343443454474444444444454444444222222222222225554444444544446444444534444444444444444444444444446444444444444444444444444444444444444444444644444444444444446555544444444444444454444444444444444444444444444444444444
2222224456444454444544445442222222222343443444464444444444454444445222222222222224554444454544444554444675444444444444444444444444444444444444446444774464444444444444444444444464444544444444444444444444444444444444444444444444444444444444444444444444
2222222224444434444442222222222222244434345344464444444444444444445222222222222244555544444544444644444444444444444444444444444444444767644444444554444445444444444446444444444444654444444477454444446676443444444444444444444444644444444444444444444444
2222222433534454444432222222222224433355444444444344444444444444542222222222222545446564674444444454443444734444444444544444444444444444445444444444444447444444444445444444444444444444444544444444444444444454444444444444444444544444444444444444444444
2222223444554444455222222222222244444454433444474444444444444444422222222222222457654546355444444445744344743434344444464444444444444444447444444444444447444444444444444444444444344744444444444444444444444447444444544444444443744444444444444444444444
2222223445334444444222222222222224445434343554466444544444444445522222222222222745456664765444444444647443644433334444455667444444444444447444444444444444444444444444744444444443444444444444444444444444444447444447444444444446444444444444444444444444
2222222234444445422222222222222234443455344544444446644444444454222222222222234475777644644544444444544344344444443444444447444444444444445544444444444444444444444444544444444446447444444444444444444444444444744446444444444447444444444644444544444444
2222222245344444222222222222222224422344444545444644744444544445222222222222223474454455454644444444444343744344444434444444544444444444444344444444444444444444444444474444444447474444444444444444444444444444544444444444444447444444447455444374444444
2222222223454532222222222222222222222452444554444444445444445444222222222222345544444445474474444444433344345344444444444444644444444444444446444444444445444444444444437444444446344444444444444444444444444444464444444444444674444444444444444445444444
3222222224222222222222222222222222222222444224444444456446457432222222222222245544544445444464444444333444374444444544444444454444444444444445444444444444444444444444444744444444544444444444444444444444444444445444447444477544444444446444444444444444
3222222222222222222222222222222222222222233254444444444464444455342222222223532444444454444464444434443343436334334444444444474444444444444444444444444444444444443444444544444444544444444444444444444444444444446446444447644374655345767444444444763444
3322222222222222222222222222222222222222222243444444444544445544452222222245445545454445564454443444333433444554444444444444445444444444444446344444444446444444444444444644444444544444444444444444444444444444444344464444444446444646444444444444347444
3322222222222222222222222222222222222233432354444444444444455444442222222444455554454445444444434444334445443744444444444444447444444444444444655444444445444444444444444444444444744444444444444444444444444444444654444444444444444474444444444444443444
3322222222222222222222222222222222222354434454444444444444444444432222225555544465554445644447444443334434444373444444444444444744444344444444444444444447644444444444445344444444464444444444444444444444444444444454644444444444444444444444444444443444
3222222222222222222222222222222222222444444554444444444444555555222222555544556745544444444444444434344344434354444343444444434354434443443444444644444444377444443444444444444444474444444444444444444444444444444454644444444444444444444444444444444444
3322222222222222222222222222222222224444443344444445444444444454222255545544474544444444444444444444444444344633444344444444433447434443344344444454444444444444444444444344444444444444444444444444444444444444444454644444444444444444444444444444444444
3322222222222222222222222222222222224444443444444444445544445522222444444444454544444447444444744444344444433643344434444444433333733433343333444446444444447444444443444444444444446444444444444444444444444444444474544444444444444444444444444444744444
3322222222222222222222222222222222234444453544555454423322232222222444544444544444444437444444643443444444444344343443444434333333635434343434344444644444463444444444444444444444444444444444444444444444444444444476444444444444444444444444444444344444
3322222222222222222222222222222222234434444224444224442222222222222444455546444444444446443444334433444443434333433343344333333354434434373443444444464444473444444444447444444444444444444444444444444444444444444475444444444444444444444444444446444444
3322222222222222222222222222222222344434532222324222422222222222222444445444444444444374434333443434444443444334343333434433333543434444465434444444474444433444444445544444444444445444444444444444444444444444444467444444444444444444444444444447444444
3322222222222222222222222222222222444444422222222222222222222222222544444444454444445744333334463444444444443347543433343333335434634444435443444444474444447344444445574444444444444444444444444444444444444444444453444444444444444444444444444447444444
3332222222222222222222222222222224454545422222222222222222222222222444444445644444473443433444345444444444433544474443343332354444463444444433334434434444444444446454444444444444444344444443444444444444444444444434444444444444444444444444444444644444
3332222222222222222222222222222224442344522222222222222222222222222544444445744444464443444343437354433444434434344443434344544434474444443443433334446444444444444456444444444444444444444444444444444444444444444446444444444444444444444444444444744444
3332222222222222222222222222222235422223222222222222222222222222222544444446444444464443344344446534435445344443443333333444334334337444445443432423444444444344444734444444444444444744444444444444444444444444444446444444444444444444444444444444544444
3332222222222222222222222222223443222222222222222222222222222222224444444444444444464434444434473734454543444444445444344443344444363774446444454334444444444444446344444444444444444444444443444444444444444444444444544444444444444444444444444444644444
3333222222222222222222222222224243222222222222222222222222222222234444444444444443533343444444334454474474464475333373343334343444474346777444434344445444377447734444444444444444444464444444444444444444444444444444344344444444444444444444444444644444
3333222222222222222222222222222232222222222222222222222222222222244444444444444443633343444444734364634443434333654336343334434434463344433433444434444444434563343444444444444444444444444434444444444444444444444444456744444444444444444444444444444444
3333222222222222222222222222222222222222222222222222222222222234444444444444444444644444444444443444444433357443454337434334443433364444333333446433333347433444433444434334444444444435744444444444444444444444444444444744444444444444444444444444444444
3333222222222222222222222222222222222222222222222222222222223444444444444444444443644444444363343443473335533443444344443344444433374343434334337434347344243434444344444443344444444433444444444444444444444444444444444744444444444444444444444436444444
3333222222222222222222222222222222222222222222222424422222224444444444444445544444465444444733344444444435354744444334443444344434533434433344333643643433243343335344444444344444444344444444443444444444444444444444444354444444444444444444444474444444
3333222222222222222222222222222222222222222222222244422222224444444444444444444444447444443343434334434333444334444444333434443334643434343433434444554333333343245433333444343435444444444444446444444334444444444444444445444444444444444444444344444444
3333322222222222222222222222222222222222222222222345322222244474444444444444444444444443345344443444454444444434444443434434433444433344333443434444443333333433543344443344333463754444444444443643444463444444444444444444444444444444444444444465444444
3333322222222222222222222222222222222222222222222244432222224446644434444444454444444374446444444334574534443344444344344443343343744433343434434333232332333333343353443333333434336344444444444436673433344444444444444444453434444444444444444444754444
3333322222222222222222222222222222222222222222222254454442244444734444454444444444444554443444444443574434433434434344434435333443443333434444334463443345333423334333344433446334343344444444444444344444644444444444444444444424444444444444444444444444
3333333222222222222222222222222222222222222222234245444445444444364444444444555544444753443444444444454444444444444343444443323334464333434444344343445444434323243333444433345333443754444444444444444444544444444444444444444274444444444444444444444444
3333333322222222222222222222222222222222222222223224444444544444454444444444345554444444444444444445434444334444444344443334333333354443444443443344343433333554543444444453333334444445444444444444444444444444444444444444444427444444444444444444476434
3333333332222222222222222222222222222222222222222224444444444444446554444444433744444335474444444446644334444434433433456443453424363433434444434464435333322233334544344544443334344434634444444444444447744444444444444444444434474444444444444444444374
3333333332222222222222222222222222222222222222222224444444444444444435744675444464444476474444444444534444444444444433473744334373364434444444434363253334343343334453344434433343344444363444444444444444363444444444444444444444437444444444444444444464
3333333333222222222222222222222222222222223222222224444444444444444444667444444445444464464444444444443334444434434434634454434333454434344444444633354434234545433344444454434333433344475344444444444444475644444444444444444444444544444444444444444456
3333333333222222222222222222222222222222244422222224444444444444444444374444444446443343444444444457333444444333333456343334744336323333334444443444434454355333243334334542345433333444446734444444444444443744444444444444444444444473444444444444444444
4333333333333222222222222222222222222244444442222424444444444444444444444445564444543446644444434464244344333444443333443444334334433334444444336434434434443334544435454444434243343333344464444344344444444464444444444444444444444444644444444444444444
4333333333333222222222222222222222244444444442444544444444344444444444464444454444445447453444444454344444333446443433344344466543233333344444436345544335444444543554354444544443325234644447734646644444444474444444444444444444444444444444444444444444
4333333333333322222222222222222222244444444444444444444444444444444444447444747444444445447444344453333443334443434333343444446344334333344444455444443443433554444444354444443543334333363344577744474444444436544444444444444444444444445444444444444444
4333333333333332322222222222222222244544444444444444444444444444444444444773443444443447446343355334444334333633334443444344437446354433645444444354444455434544444444444474444534343343444364444444443744444444444444444444444444444444444544444444444444
4433333333333333333222222222222222223444444444444444444444444444444444444434444644443447443433444544433332436333344444334435373444644444754434445444444444444444445444454434444444543732343434444534444454444444464444444444444444444444444444444444444444
4444334333333333333222222222222222223444444454444444444444444444444444444445444444443443334534334743333333463433333444343543634444447577444446447544444444445444443454435644444354354724344434676374444466444444444444444444444444444444444444444444444444
4444344333333333333222222222222222222444444544444444444444444444444444444446344374343343444633254334343324733333333433436344333343442344333334765344454444444434443444444446464574433244333443344444444447544444447755444444444444444444444644444444444444
4444434443333333333322222222222222244444444444444444444444444444444444444447444436443453433376453534433643344433343333344434344444343333443344444444445444344344434456744444444447536335533343444456544444474444444444744444444444444444444444444444444444
4444434333434333333332222222222222223444444444444444444444454444444454444443744346443744345433354333477343343243333343343334333344334333333444354464444445344533445444444444444443276343333444444446444444436444444444354444444444444444444444444444444444
4444434434434333333332222222222222222534444444444444444444444444444746444444433444443444344432344323334444333333333333343433334243243444333344544447454445444445444434444444444442334433343334444444344444444444444444464444444444444444444544444444444444
4444444443433333333333232222222222222222344444444444444444444444444444664444434444343444344435445343443444433334343333232433333434434334333443444444677654444445445444444444444434344664433443444444544444444444444444444444444444444444444444444444444444
4444444444433333333333333222222222222222223554544444444444444444445444447444464434734444344444343344635536343343333323355332434454233333334334444444444444444445444644444444444335442333434434444445744444544444444444444444444444444454444534444444444444
4444444444433333333333333222222222222222222245444444444444444554454444443544454443634344344434333647352434533334323334343433323434433335334444444444444445344445445444444444444443353334333444444344444444444444444444447444444444444434575224444444444444
4444444444444433333333333332222222222222222222554454444444454554644444444644634334444444345366333333334333364344435332253235353455433553343534444444444344444445445444444444344433344524544333444344464444444744444444444744444444444476443324444444444444
4444444444444443333333333332222222222222223222554444577757445766444444444744333444344444433732424235444333273343334442433545344423443344443343444444344444544444463444444444444444334444443433343444444444544744444444444454444444444444444444444444444444
4444444444444444334433333333332222222222222222444447444444755444444444444444454343334445453332233433334453324433262652225333333345544424234444444443334443644334474444444454444443344434334443444444445444454644444444444444444444444444444444444444444444
4444444444444444444444333333332222222222222222224464444444464444444444444444456344444435733327454334443333634343623223534435344454374523344444444444455444744444644444444443344434444443323433344444444444444654444444444444444444444544444444444444444444
4444444444444444444433333333332222222222222222223444444444445744444444444454444344344474333272444333434343635335633454542443424667434244734444444443444444644444744444444444434444344443445443333444443743444764444444444444444444444644444444444444444444
4444444444444444434444333333333222222222222222252544444444444644444444444473443344444344333625434334344344544453424243354553445534545443444444444444455444644444644444444443432444444443445343344343444345444454444444444444444444445444444444444444445422
4444444444444443444444443333333332222222222222224444444444444744444444444456443444436344333334433333325425423437233545534345545245442535444444444444447444744444444444444444334343444443223444434444544375444447444444444444444444447444444444444444542222
4444444444444444444444444333333322222222222222224444444444444744444444444444644444474443337342333323345357235272343445343565554434342525374444444453443644744444444444444444433344444447444433434444344465444447744444444545444445653444444444444454422222
4444444444444444444444444433333333222222222222222444444444444744444444444444444443444443322534233452432732453235444345333445334544434435367644444444444444444444744444444444333333344434324423344444444444544444744444444444444474445444444444444432322222
4444444444444444444444444433333333222222222222222244444444444444444444444444443444634434233433334532433333343333244442444544432456453366774373444444444454444444644444444433334234444364444432344444444443444444474444422222244444444444444455422222222224
4444444444444444444444444443333333322222222222222244554444444444444343344434447444544443325434553435774532447244343743444544544443223433246435644444444454644444744444444444335353346544443343444444444443444444444444222245434444444444444545422222222222
4444444444444444444444444444333333322222222222222225555544444474444443343334433344464434446556243435235545252433345523344255553433533453554554454444444444544444744444444444344444463344344352334444444444444444447545222222544444444444544535222222222222
4444444444444444444444444444433333332222222222222222455544444464444434444344444443574434253235335775523362525553354745443435443234455345443346664444444435644444654444444445444334634434434325443444444444444444443745222224554444444445544522222222222222
4444444444444444444444444444443333333222222222222224345444444454444444444444444745534433373343662344545675355632555434544555553454444433344434446444444344644444464445643333444335743433344337333434444464444444444442222224354444444243444232222222222222
4444444444444444444444444444443333333322222222222222244444444464434433333344334634334432723445523324543225323334533345253264445424344444344454544744444446544444444564467734343453544333333446443344444474444444444472222222234432344532344422222222222222
4444444444444444444444444444443333333332222222222222235444444454434443333344333744434434542332234424453445354443542434443445444434454446734444444444444444644444444444443477344437443445445733433354444464444444445422222222222232233544434222222222222222
4444444444444444444444444444444333333332222222222222444444444444444333334344334634343335543444344513546434444454554343335555555544433444473354444467444446544444444444444443777463444335433526423444444474444444444422222222222222223545343222222222222222
4444444444444444444444444444443333333333222222222222254444444433546333333344423433367655334536354445443435456545347545554555555543443444235644444444765443444444544444444443234332234357633433334454444474444444454222222222222222244444453222222222222222
4444444444444444444444444444433333333333322222222222354444444443443653333343334334464466523333465743547444444545423455545555424243333432554474444444444644644444644444444433334422233723333452334434444454444444332222222222222223444444443222222222222224
4444444444444444444444444444433333333333322222222222234444444444433433334343233434444435545435433445546454444433355544455555422243343335444444634434444474744444444444444434534342333323333332334444444474444444252222222222222224444444444422222222222244
4444444444444444444444444444433333333333322222222222245444444444444434373445344444473334433442335575444454444445275544555554222243433434444447554433344447744444444444444445433423423353544332334444455474444445322222222222222244444444444422222222222244
4444344444444444444444444444443333333333332222222222244444444444444344663344344333433334434533335544644644444444347545555322222445354324443444745434554444444444544444443443432343345644342543445544455576444577422222222222222444444444444332243443422134
4444444444444444444444444444443333333333332222222222255444444444444433723244334423444343324343435543554544444444444755554222222444354234444434475454434444344444444444443433345434333344443554444444445557446544722222222222222535444444444433244444453334
4444444444444444444444444444433333333333332222222222244444444444445436332343333633444354525653454456554475445445545744443222222444424334444444447454544444457777344444445333444453555744534345444444444474564444722222222222222223444444444444444442344544
4444444444444444444444444444433333333333323222222222244444444444444443333333435234444525253232555443374445444445464455666222222444424644444445443766557444444334634444443333245555455643334444445544445464446666622222222222222222445444444444445434544566
4444444444444444444444444443333333333333333332222222244445444444444443343433335234374434343543445744447643434565565644446322222244234443334344553444443446444444464444443454555544444634443444444444444674445464422222222222222222225443343343233522235444
4444444444444444444444444443333333333333333333222222244466454444443643334333335254373224535463554644444443344447745474555622222244242324344444445444434446466564454444434534434434444334444644444444444674445557222222222222222222224433333442222222223554
4444444444444444444444444443333333333333333333222222244444767767678343333333333433463524335522444744444433344444444545545422222234242223344334443444443444746464466444533524444444444344444354444444444764444444222222222222222222224443245522222222222344
4444444444444444444444443333333333333333333333222222344474444444444444433233333354434454544343356444444333224444455555555222222222242344334334443434445433444455644655444536544444444454444445577544444744453222222222222222222222224443522222222222222444
4444444444444444444333333333333333333333333223222222344545444444444444443333333344454424543422554443434333333444445555555222222222232444342454432443333444454447434434443332574444444634444444444464467545444222222222222222222222224332222222222222222235
4444444444444444433333333333333333333333332222222222344445464445444433444543444553634334444632434443443334335343444445555222222222232244343434433233333444364444444445444354773444444744444444444445644544454222222222222222222222244325222222222222222222
4444444444444443333333333333333333333333332222222222344444444444434443333343223553744534285344343443533655533443334444555222222222222245343434333333343444453444444446444344544444444744444444444444545474442222222222222222222222224352222222222222222222
4444444444433333333333333333333333333333332222222222444444446444444343333337435544644323533325454223452224444544433444455222222222222224543323443323433433543344443445434344644444444544444444444444447434432222222222222222233333322222222222222222222222
4444444444433333333333333333333333333333332222222222544444446744544444443343344434653332434335553444522222345445445334444222222222222224455454343443443343446333334447443334464444444444444444445444565544432222222222222222333333322222222222222222222222
4444444444433333333322233333333222223333332222222222444444444474544443443363244544545533333325553455422222235434234343344522222222222224443443433344444433435333243347442354446444444464444444544477774444432222222222222222333333322223333333323323332222
4444444444433333322222222333322222223332333222222222444444444446664345435634255554454334542344455254222222224444543533444442222222222234454444532343334334333744444445432544444454444454444544476444444444432222222222222223333333333333333223333333333322
4444444433333332222222222222222222233322333222222222444444444444464456534343444444664544643344435555222222222255665332433344222222222223444554534432443444472334445434743543445454444454444454444444444444422222222222222333333333333333333333333333333332
4444444333333322222222222222222222223322322222222222445444444444447634334334345444546333744433444542222222222234554552325543422222222222235534444434533334454344434433734343447636754457444566444444444444522222222222222333333333333333333333333333333332
4444444333333322222332222222222222222222222222222222454444444444474344432335544445544734333334553222332222222234555443553434432222222222223444543434442333373433344434733533444444436647764463444444444444422222222222223333333333333333333333333333333333
4444444333333222224343222222232222222222222222222224444444444444444444334344544555544453444455422222222222222225544344454343443222222222222444435333445334635433324344454453434444444444446634444444444444422222222222233333333333333333333333333333333333
4444443433332222253323343433443442222222322222222224544444444444354444344355454254543445444454222222222222222224444344435343444422222222222343544434445547244333445434447443333444444454444454444434444444422222222222333333333333333333333333333333333333
4444444333332222243334334435444342322244442242222234444444444444463443344544552222444333444444222222332222222225444444437335544422222222222222244435433346343433344443236343434444444444444444344444444444422222222223333333333333333333333333333333333333
3344344333332233443444435454343333443444344444433433444444434444447445555555522222324343354342222222332222222222444543435445445422222222222223234344544453733433333343555454334434444444444444444544544422222222222223333333333333333333333333333333333333
3334443333332343443447443434533442433433334442333432544444434444634344444453222222222244454542322233333222222222444543443543444432222222222222322554433343443343354345444245443433344434334444444443445522222222222333333333333333333333333333333333333333
3334433333324444433363354323344223334232443443443333325333333477334344444442222222222222444222333333333222222222344444344743434542222222222222222254444333236444332444344634343345344334443434433534344422222222222233333333333333333333333333333333333333
3333333333324445333474433224444333433753334434342443433345532333333334343442222222222222223223333333332222224222545543444743333442222222222232222425333523435443332434344443334452443334444443434444445422222222222233333333333333333333333333333333333333
3333333333324434444434433333343424343473632334434533344454535464232334333432222222222223333333333333332222422222244442344543433542222222222222244354444444423744333544354423344344443423434335432345334522222222233333333333333333333333333333333333333333
3333333333322444533464334424443544333332377642344534444333343363434643345532222222222222333333333333332222522243245434354543335343222222222222222242436443425542265433343223333444442233322232434343455422222222233333333333333333333333333333333333333333
4333333333322353333434345343445333333333343473354433424443453447542223445432222223223333333333333333322224422222224455337444354444222222222222222222224442434343544343333334443333434345455445354444445322222222233333333333333333333333333333333333333333
4333333333322434333444544432335573333333433454444444444443455454545325524432222233223333333333333333322334522222222544437454344534222222222222222222224233355354544333333424544342332434434454344444452222222222223333333333333333333322233333333333333333
4333333333322334345343434234334623333333333337644444333343555452534355355332222233333333333333333333322345422222222444445443234435222222222222222222222445353534544333353644347753445555333345444444432222222222223333333333333333233222233323333333333333
4333333333322235335732422344334333333333323232336344434333332554557732445552222233333333333333333333323453322222222244444753455544422222222222222222222234454354344533623334473243434444444544544445444222222222233333333333333332222222222222322223333333
4333333333322243653343333544333333333333333334424734444454544445272454544453222233333333333333333333324334422222222223445565333355442222222222222222222224544347334424733424344423674444444444444444444222222222233333333333333322222222222222222222233333
3333333333322224363333423444334333333333233453233374444445545345472434334452223333333333333333333333225443522222222222444474343443444222222222222222222222443433746345344453247242235744554444344444444322222222223333333333332222222222222222222222223333
3333333333322234723435433343336333333333333232434443334444443434264343533552223333333333333333333333223354522222222222444473345535534222222222222222222222233463362244553333542453542343346544343442444522222222223333333323222222222222222322222222222323
3333333333322253444233344333336333333333333365435334434344444432433444334442223333333333333333333333223535222222222222224444444333334342222222222222222222257743473254244545534254432323344437454651147422222222222222222222222222314665647322222222222223
4333333333322234442324443233333333333333333437333334734434444446433442254452233333333333333333333333222355222222222222225643545333444444434332222222222222227635353445333444243643334533335444545111111122222222222222222222222261111111111122222222222222
3333333333332235355453433433353333333333333333733334474344444344433543355432233333333333333333333333322424222222222222226543445535343544433332222222222222222454364434334442332754344433344444662111111122222222222222222222226111111111111142222222222222
3333433333332244552443444433373333333325525335633444437563444474434444534322233333333333333333333333322255222222222222222556245454555354455522222222222222222344364424454544433654434533544444472111111132222222222222222222241111111111111115267222222222
4443333333332225344535444437336634732323323642533344343755444734334455342222333333333333333333333333322434222222222222222245455454253444444222222222222222222443354354543544443355443343534433444111111112222222222222222221211111111111111111111222222222
4343343333332224545343424333552273333332433234333333343363445333433434322222233333333333333333333333322233222223222222222245533455433354445522222222222222222545347632444445545543535443244444444111111114222222222222222224111111111111111111111222222222
4443343333332224445244344373333333333333322333333444334463467332244445222233333333333333333333333333322223222223232222222222535444554534444462222222222222222443344524344343533274533544444333445111111111152222222222222331111111111111111111111727622222
4444344333322224342536343333333333333333323433332332333443435633544522222333333333333333333333333333222224422223332332222222222355444443434634322222222222222433435344444325453753265535445434371111111111111764222522222111111111111111111111111141162222
4444444333322227456434543333333333333333254543333333333334443544542222222333333333333333333333333332222234422223323333322222222225534434456333442222222222222545345234523344454345544344655554471111111111111411256137225111111111111111111111111111115224
4344444333322224632433467333333333333333543433333333333533344525222222222333333333333333333333333333322234322223333333332222222224453443363334444322222222222544443253432453544474455546454434471111111134311111111111111111111111111111111111111111111166
4444444333322224345443433333333333333335343433333333333334343642222222222333333333333333333333333333222433522222333333332222222223453523443344344422222222222444442244533435444446744435534434581111152322244611111111111111111111111111111111111111111111
4444443333332224333443333333333333333334334333376533233334334732222222223333333333333333333333333332443536342223333333333333322222355445332443444433222222224444425443335455543454354222222222711111122222222262311111111111111111111111111111111111111111
4444443333322224543444333333333333234254433237533363343442226366222222233333333333333333333333333332545442442223333333333333332223222545543334444344422222225434442344434255555555322234222222211111622222222227651111111111111111111111111111111111113111
4444433333322224424453333333333324424435434333343374342333344442222222233333333333333333333333333322444434332232333333333333333222243254534353445444442222225444523355444354443343522235222222456417247222222211111111111111111111111111111111111111122211
4444433333222224454434333333533433244433343432333344333333344422222222223333333333333333333333333332234433553233333333333333333222222243343444555544442222223444333246343446543543432222222322222762224622223111111111111111111111111111111111111111112422
4444433333222244444333333233333345333433333363333343333345444222222222222333333333333333333333333332243253432323333333333333333222222224345554452354454222224434423242744375423455542222222222261641722854766311111111111111111111111111111111111111111111
4444443333222244444354433354433345543433334333323333324444555222222222222332322233333333333333333332233443342333333333333333333222222244443353542223354422223344344554323425522445324222222222217111143111111111111111111111111111111111111111111111111111
4444443333222244542445443444455555434333433623332344523445432222222222222332222233333333333333333332232433232233333333333333333222222223542245422222244422222533444534274754422242422422222251234111111111111111111111111111111111111111111111111111111111
4444443333222244424535434444325544445455435233233343435345452222222222222222222223333333333333333332226422342233333333333333333333222223355454422222224422222253444323463253522242252222222255361111111111111111111111111111111111111111111111111111111111
4444433333222243453344444443444443774446333333332333334544522222222222222232225433333333333333333332255344342333333333333333333333222222225524522222224422222224554342336343432224332222244222511111111111111111111111111111111111111111111111111111111111
4444433333222244444434434333633533337763433333333334333344422222222222222342222243333333333333333332234343352333333333333333333333322222223255222222224422222222445444253345432222222222244222611111111111111111111111111111111111111111111111111111111111
4444443333222444444543437766344345333233333337333333434535222222222222223643223323333333333333333332234544342333333333333333333333333322223355222222222222222244455444345444452222222222222222611111111111111111111111111111111111111111111111111111111111
4444343333222444444477763334444334333333333336333333424455222222222222235444223333333333333333333332235335442333333333333333333333333332222444222222222222222252534355435544543222222222222222511111111111111111111111111111111111111111111111111111111111
4444333333222445344734344443433243544333333333333333443442222222222222243444233333333333333333333322245443542233333333333333333333333222222543343222222222222223445333344444444222222222222222216421111111111111111111111111111111113111111111111111111111
4444333333224454443433333343342444443343333334333334433452222222222222222442333333333333333333333322234442432333333333333333333333333332222242334222222222222224255525434444344322222222222222422231111111111111111111111111111111111111111111111111111111
4444333332234447444443444443345447733344336767333333334443222222222222222242333333333333333333333322245545322333333333333333333333333333222242354222233222222222235344333444454622222222222222352611111111111111111111111111111111113411111111111111111111
4443333332234544444444443444544443343344733333333333343555222222222222222223333333333333333333333332355352522333333333333333333333333333222234454222233333222222424553445343343242242222222224544311111111111111111111111111111111111212111111111111111111
4443333332244454444444444444443363363447333333333332344445222222234222222233333333333333333333333332344342222333333333333333333333333333222254455222333323222222222453444434234322422222222222434261111111111111111111111111111111111113411111111111111111
4433333332244544444444344444356533346463333333333322444334222222244222222333333333333333333333333332234442222333333333333333333333333333222245454223333333332222222425543554354442222222222222245211111111111111111111111111111111111111311111111111111111
4443333332244454444444465647434334334363333333333333333343522222252222222333333333333333333333333332224522222333333333333333333333333332322234542233333333333223222244443434553332222242222222222261111111111111111111111111111111111111111111111111111111
4444443333254344444334734334444334444334233333223333333343442222222222223333333333333333333333333333222222233333333333233333333333323223222233322233333333333333322344433435334244322222222222222261111111111111111111111111111111111111111111111111111111
4444444333225444444444444333333444333334333324244333343333532222224222233333333333333333333333333333222222233333333333332223333333323222222243322233333333333333323435445354354424444222222222236311111111111111111111111111111111111111111111111111111111
4444444333223444444444343344343433443343333332233443433455522222222222333333333333333333333333333333322222233232233333323333333222323322222533322333333333333333323234455455344433444222222223331231111111111111111111111111111111111111111111111111111111
4444444433324434544445343433334333334342233343344433434552222222222233333333333333333333333333333333333332332222223222233332222222232242222425422333333333333333324225435445444454454222222223423245111111111111111111111111111111111111111111111111111111
4444444333322224444445444433333443333333443332432344334522222222223333333333333333333333333333333333333332222222222322232232222222222222232354223333333333333333323324243333344434434222222222571711111111111111111111111111111111111111111111111111111111
4444443333322224444443444334334334334443443454433433555522222222333333333333333333333333333333333333333332222222222222222222222222222223343252233333333333333333344322224532225433243222222223351411111111111111111111111111111111111111111111111111111111
4444443343332224444464444333434443444434444322235533444422222223333333333333333333333333333333333333333322222222222222222223223222222353322523333333333333333333224522444434322235532432222222224221111111111111111111111111111111111111111111111111111111
4444443333322244444444433444433444347767334573543334454422222333333333333333333333333333333333333333333222222222222222222254444423333333524422333333333333333333222222444423544343552452222222222263111111111111111111111111111111111111111111111111111111
4444433333322224444444434434444444633443333333334435345222222333333333333333333333333333333333333333332222222222222222222244442423434545322223333333333333333333332324442443343222252223322222222222211111111111111111111111111111111111111111111111111111
4444433333322234444454444344453475344332233444333435554222223333333333333333333333333333333333333333332222222222222222222244534333344525222233333333333333333333332432453535452423242222522222222342111111111111111111111111111111111111111111111111111111
4444433333322234444444444444444734443433453333225243344222222333333333333333333333333333333333333333332222222222222222222244352444445453222333333333333333333333332332455334444423222422222222232256111111111111111111111111111111111111111111111111111111
4444443333332234444473444445575444433333443343342335534222233333333333333333333333333333333333333333322222222222222222222234554445444552223333333333333333333333333322243435454432222423242222422222111111111111111111111111111111111111111111111111111111
4444444333332234443444444544644444443334233223544452222233333333333333333333333333333333333333333333322222222222222222222222233434334452223333333333333333333333333322225433352554222222424222222222111111111111111111111111111111111111111111111111111111
4444433433332242444445454444744444334444433333333522223323333333333333333333333333333333333333333222222222266222222222222222224444442442333333333333333333333333333322225532453523222222222222222222651111111111111111111111111111111111111111111111111111
4444433433332245545456554444644444433344343343334522222233333333333333333333333333333333322222222222222226318612222222222222222344454334233333333333333333333333333323223434333322222222222222222222281111111111111111111111111111111111111111111111111111
4443334433333242444522222454444433443342324433444422222233333333333333333333222222233332222622252222222221111132226222222222222223544334333333333333333333333333333333324445443222222222233322222242461111111111111111111111111111111111111111111111111111
4433344333332222222422222355444333423333445544445322222233333333333322222222223222222222223132231622223711111122232222222222222222244435233333333333333333333333333333324544452222222224242522222221666433111111111111111111111111111111111111111111111111
4333344333332222222222222245444433443543443445553222223333333333333222222222235666642222221113611124362111111122511222222222222222233352333333333333333334333333333333334544443222222223222222222223322221211111111115111111111111111111111111115111111111
4333444333333322222222222224443332344455556655245223223333332222222222222656611111116226411111111111162111111182115222232222222222225442333333333333333333333333333333334433535222222232223224222224226667711111111112225111111111111111166111152115611111
3344444433333333222222222234444344432222222222222222223333222222222222527111111111111631111111111111121111111111112222222222222222222222333333333333333333333333333333333323424222222332433222222222264362228711111112222261111111111111322311722414167511
3444444444333333322222222223442545642222222222222222223333222222265644111111111111111111111111111111311111111111142222222222222222222222233333333333333433333333333333333333222322222222222222242223222422222611111112222323111111111116222223226112111111
3444444444333333322222222224444553222222222222222222222222222224211111111111111111111111111111111111511111111111152222222222222222222222233333333333334443333333333333333332322422222222222222222222422232222711111142222222411111111122222222221111111111
4444444443333333333222222222444442222222222222222222222222222261111111111111111111111111111111111111111111111111222222222222222222222222333333333333344444333333333333333323323222222222222222222222222232332411111152322222221111111162222222261116111111
4444444443343333333222222222443522222222222222222222222222227111111111111111111111111111111111111111511111111114222222222222222222222222333333333333444444333333333333333333323222222222222222222222222453333225262223322222221111115222222222221164111111
4444444444433333333222222222225322222222222222222222222222221111111111111111111111111111111111111111611111111114222222222222222222222222333333333334444444333333333333333333322222222222222222222222222433333322333333333332224126422222222222221111111111
44G4444444433333333222222222223222222222222222222222222222261111111111111111111111111111111111111111611111111111222222222222222222322222233333333334444444333333333333333333332222222222222222222222222533333333333333333333222232222222222222221311111111
4444444444433333333322222222222622222222222222222222222263221111111111111111111111111111111111111111311111111111322222222222222222242222233333333444444444333333333333333333333232222222222222222222322333333333333333333333222222222222222222222111111111
4444444444333333333332222222211122222222222222222222224411111111111111111111111111111111111111111111511111111111162222222222222222222222233333333444444444333333333333333333333322222222222222333332322233333333333333333333322222222222222222241111111111
4444444334333333333332222222211132222222222222222222271111111111111111111111111111111111111111111111311111111111116222222222222222222222233333333334444444433333333333333333333322322222222222332333233233333333333333333333322222222222622222241111111111
4444443444333333333332222222511152222222222222222222211111111111111111111111111111111111111111111111111111111111116222222222222222222222333333333444444444433333333333333333333333334222222222323324322333333333333333333333322222222224422222231111111111
