M897588879895598669576955777585788966895985567699686788699956685575999797776565667865955678578658658
5978957567595996997876796886588898999679777888879586797696758878587567686969999876659599655865888855
8596567887996696555769865896959679575985657575858858566969657875597666558687757677666868759586686679
8768656976777999566875988757695888995896776798687697997789879586587879589559758598959677768876676567
6566877699897778867688589696588577957765799885568686657569985786678996588578897567878968866957596758
8595899666579866888586979686689988876965669988967998596797666755657598597595957588897658599998857869
8987889876599658685568896897966586988987959859668859977688775668897578777999996797857769855985655878
6778877557958779699657776569655878595577769785666988988567866868999877878988667996575788589958668659
5896665656657878887796696569679897765898659969567655988699878656976767877987657669778866657955568957
5676878795795979857777679886967578685898976699596985866696867775568759659759869685556768868587979888
9856889997876595798887786885799665675865875557756985757966756599965697558666986786595686557995855567
9867598866575659599765886559679697976989566996669588675667669779587798559779888598988698555888969997
7956955796796997978857877875986688577856575959775696885596556569857755865775689758958595556756689786
9855859986666655757699658695897585768858688589796876978765688569897897755888968657796855655598657797
8657699898586576889868888787576758985897597589786686695985686799966586779799685786997676695999656886
9876995667985975899669597896798599568655598899657566696757759885597666669858878588775699877577697967
6985595678976965778758555795796955557988595687557755958565875666795979956875977999866668786967676556
6968986557977867798976677666767869588696995758858875659989989855797775889666565878559787775795877879
6886565899776589687595795895699866668786768985975879679976878565869555699766955599659657657565895598
5875657895957795576668866779966986597589595759977877989769656785888696688588757759999955786866699587
5598798798866856685855879877857787785995676856568857858689699597779875658598555786975588758778758786
9678598985755658979579995866979557867965655878699886585557689955785568995898957785856576559559759665
6658886889798698999987896758789868975598768559575859856669567659786665689799876778869899555877895967
5866686555565669989777576787779679659976866698577559896765686599767788685689898856576699886876775885
9665667868999788999985898775789577578875765687956699598987558776697986768855779996885879675875966896
5785679656777669587875698866575855676879558658667766575788895759869598667959866789656756679665758697
6587988885667565997696697596598996575795658858559577666659579959766676596559967585578997597866955776
6976798599956997857667577999597888786876996856586798976568567599795755598668779678568555695757997667
6767565678699987995688987965885979585988895799656585757959587978686669859789577555756555667889959697
9996958957666876986956555969758566895869567685588986558999856779995797659697886787786865575765765666
6796595968875757975555785578595898598977698598567789976766968885575886966979696965788776879876778556
7755679997879597885958699695589557557877787575756856586855956875885578895585559967786955596776767988
9667597966696679596567576988589569576768895666886595788555978788876669696789588688559559587795586578
9768568896876855868699979576667967789698659676877898659898756886887986957986795885668776885767886755
5795688597668798699687677687695689988679668769556669976856976559987898897956856567667585896775697888
5597858987875689857589895676995756879679777658567868686698966667669967765975855978795569657585878887
9668755978965865956776558767657699668559567966556899899889965765668787778778557555898866785567857887
7786555887885978557858686559699865956677978786887756689679977678566987857985979878867985759769869958
5875697588987869857699959768665597897967559955799857585967595668686897886595975765666688569775758575
8595777857665857977595779998579568976655557995558698959569665995768679556857566856878798788566578766
6877798557995768856576956856569785779798565758678567979665598896868659595565898787999586598855768855
6755858598955656786765896875979799985795957859758599679598576955977968577897787855799579578669667777
6968676796689986967665688859555796658757566665869685789685586899666666855685667587558969957985757875
6896859855798689785785578596958586567957977966588695599898955775875779787798677877875667778757699758
5868987679785568889977566996788858898865767899999679798679885685555869589589778887895678567667978557
7665759557585895767988567798579789696776758799565965967885676899857797686676865876786675856995886975
6955886789688877789978767667798795779665775986977768889895787668769598859598697989876685967786667678
7759987988996759795586987795978566899797859956575677578886696898659867867599576677765599668598599588
5676999797987695677577555988576759659567898955569967785656785866868955786985959799975986578679659988
5775586578769668889858886788798587756667676577795995795957896667685579679569579595689575689989966566
9955895797695689799986678579886898688976776778667766959679889796596555678585967786696858965998695856
7557687676888657767866585969799795779779879679866687897688696767999897589598966899666667768989689989
5787998755875658958795759899759787579555787698999797576986995587576557776678968556795675756767865666
5897966699769867676888668695886898856969857759999956895875766695685975868568875969998685885988758795
6668585767599688785995975755759879779558695688596586696895999577886798587877957875969677886777869687
5569576589775799958977859969587955668688589585786559679795787978696786898785697769998777869965875578
6895956765968768879899768956575899999669675557667599989858577796897799895857565865789955657695976888
7658677565889595668776599568766655688866977578559679759775958687976967966955657975689656675766777566
9989896786859787798768755599697876768589887768987955759697686677888688795555798856677777978657869675
8569867875778559858989696778985688555879967577596989865588986969956998685956755786779696877658995979
5758985796795586796968769898675859885789786959658587576775696976699957897589877576969555999676855957
6998678876888596768679568677785877969998867659595599688565798996968565779867998778877597695797966958
6579855875756586689599959988565759575565979996799589876577696955958586876797558995856889787989969859
5795868969596587977898587985678867985899769695868657797659699556959557559697856596859786875575555885
8769588968567679965565857786566656888856955796867968768986799695655659769979575655777596797976567786
9857859956686686787589596688889765688779575987665578595967969885789567586969699559985656866659878559
5679996597955768766778797967997675955898775866578697759568768976979957676759768859579569978787958966
9697656996757657579876959798656797756759796769695896896866899758699587697958678589985679966756598877
6985685688996779678995756788699769885885876879958676889878556577956758595865879988759588957887766556
7897977565959578658959897758669985779776789656887867566585556897858976799765996967997975999989757756
9788775995855687586977599957655879986568569679788755566976776888598957995888555988598688975595765867
9567595559755965979966956665956675669967888968889679689996766598975778576899587568567887687789788988
9858769958587856756587799555555996556698759566665789975987787696995995956995997585859888595687668786
6587896779665698955768796957699687859679775995876965758567675969779555868578879599579966877699757878
8999758688856785588896866789799567989568977859588757778686689656698865695769576687698998977995876657
7867658766757567595569999679975657875676575958975567987656575786777576898685758758969959858658697956
9587777688779598677557995558986967578899559999976889867658866999598885598675997575579667678698579667
8577658999558959868876856665798556576599659598989867789786896765895768859589757898587777956795558879
6789577855985886886869955989976875778877796795688866956557677989996879995666578897966577886898676695
9755557956666596587585976567779795558978659885796979785879666889766878666555978687956799888667988775
8687876679699585857859788977555655956867975787685598966687675579865799997859796997556995887569678687
9758985888659979966687788876976985957687889686657895778897567855876679597986555597759658888989959878
5695589987677855798799556659965785575595869697767569666897797675977777567889797686556898879597997885
5876875697787676566756657777999755766696869897767678886885879788787665987656568697888958966677589987
5595856795578788958887557656579886866998865988779666776895565697668955756977775657799959998698789576
5775969555669855775865778777975869867757568577778597595569976678678976978689786855777679956777785579
9785976577589585996689868769896657678765769599578579555788787696656696959856558768858596787777566787
9796577978569769957756659865755789879765878699595978766559867656965986799696897596869959569965698877
6566589785866559757975697967689776859995675885868689968975669777975659666688855898897886786889887788
9789786858897657697565787789569659986588765975876577997695689967989879658557567595697666586858669896
5959586688998659799586579987698858895788888668965859878866665959757658895767979969576798677597857856
5577586678895755758577697565769879986976696896557656796796556597776557556775666968955976856968875988
6679856667797956955686996998688795898566796759798686688956766858689677958768577799978998558659576887
5869878867897786965779789686768996758868578776756576976868886685698597795598598855778958578589868555
8886568968867675556889568579796975667989597679775776866765767696995885875769686576985995678577668966
5999555859985656977978688956859555786659567669588877559686777557875865789768577789897685567866897578
8686656987699858857987767768976678676866658769978698857587995997595687578957875889856587865969667976
5787958595858868559579755997696899698676866695756758897966865586889888675767569586586698865595659857
6865866655597586766999596879587576786586887958598868655988766699986799759659885655567959667575777565
787879699779689857575577699769989767568778685596699858568979776567867975895569695597697657978798865G
