M67786432838813874461778136833877233548192798997437588841765275683983468855327858673611594577236264692378975997721586925836878146844284995418836568363
327422334592311811529531627197179485174294588738287517738998583676882747675972694674524749654763662887711818517143325787144564698151559945596116874578
639686992939599232942132288424332266487539173971287215797381349815171482531522979544572463712919387767664748289488641471475795838767688488599363467634
251397791779797527139865977798465327585852683522469744868859223538335217327423656828215478826649128283882267337598955455225821474235718446881858538638
823839717944246135242552842455452979927726345277521372617188314883667286995592923419652492563753677922587961582623765378599529267983712428956252782351
534818758646932378336478333136224955886368539862311175355447311144779725692394824434654213954994338119789587822196855832293176962877991663971383319736
534388828595695779216795135156725241794556576878292392356357492197217687336666848943758768897561617559696222515575132348251282726399246964579288289662
597691736576114145994226319464317858349623669135946649349272439348592868811982747737857768413947935574939339662886643629253365317186985231556796817437
188178196146184524341956167796222139567942313235199385319957171488211791537876349244891435968486891944413816981593189586831816963387689289515851176324
822973394275722641123122217577568725194746915814588775546554489335557881132648198315383349312266826791358522323449898387921647755253878995425929936132
648913823171252495367482469513176139829485974186839537342947385374959617942278333251631526399844362153435191554213833795215296514351685373877592762822
446437422486199434483335538134272876713839865411739857322589117897652447791824235878194653158124718514343676916515651387564759757169621429537385869294
836914478872516674294138764415656273436866241757965886798465438456725364283155581378989382491568436298175156181443414472364698157761387619179488514818
341985884526795515467946498144232974522989191698913973672385158456441575898152774216974217878626912237911277845266465937514253511824538372718951757212
534137381731134615996219398428219495233849673375694536742558171559993167172456717225134624654987876332187834997364993954857197532772375318654918741817
728534293848433265445512658683718985247177457197865819363479219515372544554654742937812295449884231722166451444227184689919824833972425518839139944936
943469611619872922754225125131871288954862236647129327354469955273815163282886522632347619772925455284659239758871555663651242511599748137868863284667
637221922893472311611983665788289736366375291949629542635196484817616498952174181455329438312285355911923918465486747597447322954579821545524629728345
356437295223768147766352548959375245189419385925156754637625316658689267961584533771326572353455947434991121613912866786622215741665573696898166913512
678159576619441634359958316456389489727462661271787444859371573394754828152423315422762929264872784455314627355892998984557274131445989933598824745337
912672643348793571837545435923796955558686387977278633945211187835846583965823681124396446356511898211979973736435175551218625586918829739117556783133
585574319537187366289886373422917175363845351552636498315345725176978525295682451641344199732932669166295249867516546721983544342322474975167147434957
984894484218373953664556512847298418319976911654393396937682275844247435998158976966218484752754573514321257547269794455187938688112877127769894984731
789177176979954365876485791345721529529166198782784256456528561441666437287866256593738715987738512562812774467771686421245366443312172133915577642487
154268697154951253865259868765985688148157551674321493252268999536814929963648721487592565432146944974244993112227268524386211623234431879815929965588
586238242182837518621819933765416215855828677671288211798269667193849596893454316475876173782347837895852597326867476432735484651413164616281464326243
363113761556536378654961245178678975542391648385286712551552472159764252271193675664832539965634813535735697116318947733931144715665496491898225768125
964558813411185434852531785185968992838637739293873342889516236739584622876414442257665251214399141725962533262884881287791348773132167328487524484479
956569536221365836127339778658832773187412973916639853331445464347483947991391751116248247793951822571131653451459672332992436774274549585495111652315
983462355658526819896276828236599827542968526916492788457363766496445559378146733613683214731775664662325549995179594295447196851721967173717658995822
783782558363966796394437961546616557841678689922613325245282765659985397989456894837382836598218693584699954699595985916919293221641237742424939697586
925246956929324264198114348375181166438646988772566121153168873372897378128568543775143743534241781783196334752923463924842537299782217783688629768296
123339476175874198391421248714581897387859148399933749365552674853277812861332554874851813146891823618697642217763618295645729894115174848673716795254
316183635564495936618549113452154741431231816824113358427558786242282529989935265228381818425232738672374714616115432298627672819935776439883531452798
683912995884621911292938312442146622157475738325673998449519371984568763725626125747774769971133752459888137924541856889816756798856695176389568919848
894543697585744841677318982118967868834417286652472787586827146564192499353544455739458312859521847832957428612958378521327366973769665321452743353893
195952374872888245886299313561622715378761147431764875594714531544849919383678381764868876335111653868599671135595347433517465139493177614753884899427
116427148235367459376287387136542215323895751414442541461874532267569462739714751494291993339362377927615519492436878184492673678841479771233685178386
243798612167347618434265577656676675777168481492249437842867217388487545765526696118928712189262322512466637264329114275965132527993679837449632296797
783676461296165353551331689463671366127473885913882134232352619586776441678396278149491887975896365656912182227586862262943363238976918491826129461129
384551936578723234538926728411311323485655487353966625523252666325491636469941533255936628761528624545347914213933898532554198228597445661544371613362
988954742487746773226832152571858435463584949458965443718866825668561329897853112659821596468255995311714272942436143861235675451377935355815357549564
837787171937583464858962726571564222428617676936695862349394254421523338912243156369717346755626421798465649289571356418776654865497927797186953865439
742236757657332119232765165896795496121841117248956112647389631858527394157252988182784561127434232584443359399119938333639742824995494671926717248744
752316626679231636965878519778785767553777596693725523147849815842635582366665637943698194158284992265993258138655968234352141553757816369863938533485
311582671958947212266928958858386942769499931381428353213195998653495124295875225916687877572244534455764818932897575341657287895771536273893165154593
493366386734138817283871837619117138314752532531954353561578161992647314396273158429851459893958823465283425744565599545711921335774817833283156633933
924575227747761611328756259873679948261197993711784376113449212557179526163577819551818384681378445145961144753279632794653112633491441122371475646531
576262694736427733965645637353855148785848858458861459316572228915918265387589771745697546412657478438232256773699425662213613532816594916728925797946
488246591295384441534511146532952743249686959279289638662352126398579926367826529577592466338544233366288832775178128228579529959396643884888367761754
752665355166365188218851989715388147255447521878711959715616577572843954317892794513676168353573684425979228412643553685978147489499875251189462525878
184415461916695755875776693337856263248622672252784269348679466425443748214824874825646978488471173421719733863473617113835382487221163947942331944838
881759124599762129876191186627465956683598725395939888872732953887963278725418557746813594412746571558516474299233144982471173783758667455179487736512
472869545975169959313787866342714754263414856337413945442724269334896834825239427815284943167636628452195123216281845615661556643965871738196693394353
183269328454862317277928264819222936248475266625827155391162711232325381891262658953932971229858573159613941752388439288146381132811261242529335865992
676262493927364424553576314319743383723923634136714637844988631826733144677463648322635935617838937235888462242762961526459174782633317348915674476287
242736396799177756457166591168451133168528173496962191947869695845972795837967914417693354684987623783886314148739425693753248628281768939656748524418
816882212281747313662622847896754917146957774536588892539974379842225267734636781451784697925954451384253869855331898112654998131673499621319814655149
833252261453167568159714199881859368794688622676448699138118127317614979143421291389946384183749759795973276662461276367181763167873761567278487922948
591525653143678861323527578283967133954199917318727266877468995179581545563339366783261454832451572642728173189122825778869191331763453244741955386256
479635433447652819658577636855747712511261185964746477384766847842123269699948679662846319942312565468545552948677418942785811374174591332966453696395
234195794694764986857979728751966256238768322342496251299552141558811969896864238616577788152711226431142348496535897515337415425266423352538386246657
755436385272331399157611444651685386513718215172293979152336749324632296226753752917175885386833899241224524695792231573595327883452787955351669414236
572337886662595344811819287398573694313975357861233918349618133415435549348694862454345471989526466287774578875716727943497381393176198622212548863714
554545426788766596983959341414537496646927851475741998629414763868663994266463399845571748761957142195133688268272494162872366918651288564527735734596
216511678474736394265634287452222254422947157524594491719782579286732561719723659525891345721152387737525389813921688936286124194611299849391512483556
642624441144956412778779635187139281729839476349982546872277284873739947165728983471561272124515179998933348325796415236879928211374349836554389372973
638686727645298161816399326164672754833683999963492223748828767828186272626369463899673962252658192296537265939361631519159339793583778652961123333827
895611348139411792993556141977526481991685281681422365785832617821355477212611833843389998265273935729472218111856781964876854917616562392213535987311
676183865331332161172982295944252138566925898561547195648615722644161677527397895111139356731949881544162148384876521224852439395785179192785125939593
995746546577871266821787661712328117128151427628639753224522426315469369135255263919671298997576451257952841182375783282179756971177158248449963679884
728973891814915796347892793671314671976553983518783242867753211226681878629631279152654562246795113487972414975738553456626355794352863852319755842566
677276367172433126861822856244384759353388511494258259189421749959443481236233993772485189919861587876888862873746435923179383969361192281499885282387
871698728515441924711959976626368485454277937532882231623829412991917561361852321578414159489982656322775622747257927297188945964418633999333716939853
742157458561764852826512575539919618228928429184777747817539978499131177234986623137121286514258946274167221247988219268837427462813336799186824328717
342565282547481473788784316388991972669251594567467191195968957846591234177757218497549827346554153567876456196986365155953944431398662438134286924298
873344353633627757766964718183242117597249283595323983967358489296321521767136212824831658586982555969822262995519784652356392995669162935998499874859
265266177276543349593552277429537154958797278549186171862943176462289583127424191146143357837895313552442132751312256498414214175741557714822378642116
135462743539441998199169712449541218181522518346328611222781255721912373751353812466363189795612224239383748289785529741419433544239868132875349819584
222431973739168689999571813153956656354599663337186268877738637383727794884465477699117813119847921721173985213655688747235513138669466477932727192767
551946371177589498819253519633967895963676797243213337137849316291479964892949439781734472524357973116625647648415272763868676963171478825666149291925
455475774122747927368978713458488279147929524236126295926374189523715939457796983344476297953344621285119692597358864476431976684763544567413499591369
153647411618513239786133373865279128531424439127143945179741969943626127375765157661694556996957867468336825471463389514645452339777233569359665262735
457988389762919165545893812761972782428776953121926988598355752727859489879961463488661423971356799526955866398923566192625329297984322994911297836571
397364825436654539838347812586982237755429668193273873436496788223721235854451695252849471117668712374257999677182255144585138169379449687541496226537
195638625565283485538723929535794235132633936111138862557335233441199511163212125733358369772668575968669982537935448136697685495874476643365152892273
294823586459737112263371377996245253424988884356789847343262791973946946788859558743895448797637477159448644268235113687559862396265219173478229934572
359299345313152152132362322373947783344387742457696196526952774247633956497898762567148286138946752911585233665847322671756254418214264531489319291815
825515653864496295225118363476621386473262767993671545384366276858471931799187624519938588628147776918547683199248952945718179558485269811913242167299
618473218329792479361698737361366118733457449222764938956756253948861311849733662537897956381963555711616397853283334127169927353732555718717623624734
754877851977766362123697421933154799279797499722286961729728455349244651285376351324213769798613224221963648721214772727959351922464196412257722663726
476974828853695225193645678395198745749357763666979176336831974696283487319869582293161652744374859746613699735815559975117137494661942892318241673448
253352382395794181926168595868186443297471878418876537843827186464724334867217462478523998923325761251244299159571126128424238999292696648589321294986
391522225544279297285255724217444874363286535274318823462593557543892762466915284865371778164983615344798446621668187859311784144864742834468622287329
847745819858594654293175282751951614159979213871476861443421266791371469269699965919128969132277195942699375425826535222341783115662553768775649278362
854526888394734786928916146386538741365115729344297539682257588294442416653888168814415524316773862473926921632134458818955785241274642339219113492575
817891471532377738929218492792157458783671123744684623498261863175278992314731461814357693953987391431142645494653527491166439698661396281487448845246
551869351116524356854728336866297898127655769543479648516166249759593445427721491689699143427464476567726765112992812682149211614512858129519975683845
592994434939622667632719571611711689637829456462119346721757736995483833579171182665328246156425931199957142994532351313128263459112542795261166989811
525753785547824168755744186224977966461227143591591376188413896536867555213587837728733121793673996538432654716515182852564264877169391532972546672455
826286437937657267965567655336985471345579132124669994518335541712327543885631896714981869219442529627246621993853591476575524143161257999822817798696
638267298872655342376537122372358419428472646287499771643174591419662141461349599923556476654195941863558451675331855158985361937778142379999224229951
423168654847937866925962241139237547648167663443913194228931976927353391364381131756618169958162562754616793119733291684245228823747282343592321741414
346472654737716183562811283961776115137254346953113168435752229939725421163658939182462951694741854414769442655724842123989471656588992342563322318693
419422885763532169836587887863348493697126872996925198187982834138725977683161835919144791333573115726257497156834213791413698446493952846549148381812
681284226312465295577218543147479512742499971611559645747424456197163788517944412821498675248883822841179198197797215775472171548715773937976176796953
568971653335848868366243789493163287861111394485384657223624363116987915789279555127754131275245174112267243458444757295771244366954812969932411547848
324487673795659823762597298361411879467291477434455378611766975182931486768862498423199368298176539693965139352121433324249884614233246122688676766758
531553686942422917327331631645144356566474457937437174733584151439475213657423388137319945843888665819325183864682953756165517446454557813666811529694
456937814151944161351931721711853963274863541783733619216752963737639723417571116259368188128645689895195513471322182274199925469466232553247698829865
191135892438354247564488893466553383358358335144395798664728524468423231754886937254895865339398897856486599825192841461752776365449796854319958156632
917766499265582136288559256886813915917443467247181186332579152235262213591135267536212612296459445591966767277448811975732761643764937917771651661554
179863599681493758148356322471833377692787444355782484758566259748485782576858695777189277924267452166779272576614224382917543688426637895529981641342
173516186868135551933418593265546985941171488928931343376387579914768629536442371748883813796232585288134822887542345791642667366619824773519949485859
589352541524771481811162287973236761368189968987163733557468122658835796678542158219697465237914562487448511217127285654662113784664597766227471154188
382581951322238977532982121997184214752319182516329646519817619917571999729538512283488226842113392712415488289254581196613399713168432566384814873847
825173625185897918758919648857464615893166358385277229932378423397646563864999995113466284344623887129414517916587967696216581292469979642788532988871
916485458587436289996183148297479137372849116542771471837823251674246751423795924887614585829342185275758613614782355632987945855917287912759412988324
386698449722519281698113654982145229743436618839923875282812314154342536343157658462466689142751471582299377966733831766849837297498451299777174645589
211933499559398573369791965579822464212823126166716867395889947669939712355699186527322193758474955352694237684631721798939435138159268656366782639743
535951569539338917345595862391788534137537335751453289569864336483638319575345674165432585813922332722461497497569319616529336976342457598417228351858
297688519412566646937735386584997939756641864388662688434237525156336794598359385439373274126914697171795246193638391671125434143631947885441319237479
119223974755715411164856551214829484281593627754761499517845795244498928849312962457216519933423841849776372859846998746581246126765487933623972949297
172636968631146282781745672653545892146361186945666446723592879255869293539264726786714417679493853198553483449494972515246912718182237144146585652826
329567281562165568597787871618667664318334488524754741875664178991486965331153887475748147197571741755911729668429418741339446168552516973197476272399
543613779435387332397226746393785642712273245713884942163657737773455629239658983754291326663518516668563734429629765417217837883996341575464794662564
576586963985291529271757985582557772979838171587541869434545751233122929899153291683478384298654315128482518784743197125315998278962322638714493622693
846361882271723438746556269874388934228265112273744771351163819428633313646391843742273699788174234715714624814323219925756623343414879166956898143563
849111929355411787257981261525212311281947831465848247435485923423693421329529935528214396746788832985361291272317998544976932515486813293154377913336
713743866312451413556732469137429144412851396333135556954235835112131878385429139857893819251245321347952847394637892495251155865972452349784939956118
271245726141617396919866465769732447747736138665923888861262416981275368194531268285243952576813166754699221373624583539993147155154548678968548167167
279552384652185962595719546235748571841484538833247945124197551625412456288769298574666972885135594171319594918653781673851265443832241288877668522451
289143464981729715624689548515961736252896453472141884494648178823868764629498326998884194163922434783917786664882722926442528716572417931956197722545
663376789643636899248946986657588845236752981628692177914791319238985559249599944189679794587545755637523293216313868441492344965389832551814612518826
641324897358716151262495432463628157282981786359451495714824931117192848787168373693579146916863296423388818166897833774281954952867427575191731897822
228696838513946756866312384815225267333197236345995739826895763289373365383939576435261671646883231458522596576693617667115737999336269838657714299464
489739413995747628191348164231735136448453916183685552834963982238537568149881772339258269237735514772675223344319229271396728733676482425192424372612
386627178215542476429794142593432512599927715925334149458555649699877756511148787683697979597954792322282782224532968529151797679775851185289274371977
541567887256689888246794585456113587978124523327571559751594493182737322519274676385945925733259998362625514725968962797823819648463861998384499933616
498438861162257968387431774793714751247754647851985841932368984761796513567518299469484171845884984975533445812926617518272112865121118526955628349858
787516942792373216452385932771977261673114198826233851694559841994777357123685315895779754128532796924765327863796331943745347975355491995438227351453
359831962325512935394971639797694947657974238391456425885396769166278473763651626794718972887541534817457651343161759571551926111421927747954976759927
644142496783858628254645939287985494844365942677514739954331442699727131844854923264193466511754113369157385238214414629228729468961444944159937543669
515391569898137634895823593944474613225157635429135358847965529324199117558686715886918875353244658171575341313817463591865581115234421299249366289727
477432315483392261597817785246322181689976751964211465928867485182762217365691445173319375367338774959912199796352288452574127386764984572732572391969
262151885491536739895522726214384881551273987867414932929377775174555585933449845586954722426377615813862138838173567638171878514625789984364326947672
282592253945711341378138675557399875561811927873364132557136619697784436623534755232978968976913264178857346694721271579925369534125574493476614429215
294984974725239884385821921848526319667294226287872972566123739122263933981562346539691463869395979373433919942611481769234338621934129332625273916945
543314214894427882889521889658898976387778558617859157682926151784862312198187273255367429863686176596416896387493629259632348991145282231528371246229
78748168172885426691228523356351658184651541171495333198833454472556591974749177275655574715455336396866353735783811393695436994438767245429251821198G
