G275531314847729191381685484352727134699519373679989568358775637115557352963792737578716954865614846
9666269756119678172718181298366127788338319216157181476152379349166545949767187125118826742569854171
9696763422892155632918166354516261983441273961713551698939189941623434736344928796867144992967563872
9157414983392322588874868149688933387837523668429764948239832745437572118972995212788228912976133756
8669133887967329887559486574442833272935593294345684443248575132341648444789624163137525624383836535
9521335771821239432617251733462145613211932833224469413147731885672456826484588616365478483168842724
2545521541445364475495463223316693216169141812757238438335584467943591972252956261397365844631314537
6989766517491535765957224666254869718711182786156225688927351938988448314181559121341633371435327354
7579569199936792633882175224537492164339113469989578127146575388592824318564556894645153627817852642
6341729849959717834444687494477261949323239579142663369176428545577574434743386616166589337794882241
3797859477824278972344984547968557926582841293111248165333443912567231337912623959328982895818845888
4811822536838598744128366255834949731415573398638777784827192751967357841974411695266884457945986832
1736284263424818252957862548799635587246451824428882231548969829275328252664945191717284136452514352
5317156618233829249589218929131834839429949764587764456882724386924391225162844667317718241576747141
3287675772789487154828766744445442237527587465618725662522461843547317139934171312194852143356782846
9474663554338918458933295782645368195348493112198883894679271843411738245666274938357864457188757676
1813578283319168778671993293535667543479914468432125961629597497415315761893996992721962817298943913
2821446585131156592813446983849821345995217456694255283328952715716225694996516916537478867811573592
5846738659273258223815133685761488273719367599868746566482442467439655641862724832967721894626625485
5541719837274921415458263922411344717834636233355349956684579736328634782498544693168962444999634311
1745856373286858869851496283712414824452967757393195831437197322619254523933512423567254765412628737
7917757972576641358631836164153431475858319923369163598751233989131346865344446542868872391585915711
3176311559664258566856869336622598836254915586225712437616626857745849533589817574286861171288372723
2288215177531784216165621449547743199551548716534623197492137646873453727511439777627879983343373675
3155296454885295159537948737443646155665818882414717278886295623521682235622255496487824225282227588
6295493878614355429245458816691176541453528837262676461175997587552958521977236418455526998451149216
6712472157761932986877785589114292165488916283557628296272467349325462556184371366144316612471416714
1414195163811125885236877443381541836596196665546931748138176577487424253234666833738676376427454197
5889193561447325886134764936969595948941172163774873778293232568155654499855592318996171716115185266
6995635245446139376729721925426619556447124576897423785136744484232878927718479259985917976737457452
3461114449171556593612348237735894565128885439114354572578171795951915916564314748533876647894758682
7773815115815214238294617913341152545612778874644212315488687387583684517477854724565766851346734754
7995275413267932159649929136646494785768843763817368295294861729671441165695135895341783158466299214
8294132452444982674837497328337579939778487443593629984584193741559677579187342971192939425378349331
1269994345299436485349843213987767346535683251198853464177228875612356396928844832498785953798267697
9214254663765714644684284547767262555322536827227132424121273199918254655742135367569753663892914311
2512333453639211322639631558476987271615586792651991413389971827624566265269489235563366713998786325
4439187433896354295422638798357498918498249566159685198332245948646484261925887489849958743991996545
1976495671978451969573147661219738458482446693481743638611967722967678846885368774799664793724775331
1188661216568564752343614156967452656622662918253469615966153865683652419852949985798261374574941938
3617262278187768888217362314785933811251355588427153166495785263896539994147217551828174596278814748
6877567374469546634699222794655436763286158399236628161353878537811438573114552569557718693221544561
7777814784691723499339718642551184694482886921167955145143333747425183233823235998172512615311354321
5372274846512446351936356528169659678371375663553266526694976337417983799385137577459715221154231442
5624311958661477812879846578163637941314647795771651469227617515977933955768797942771576389978761649
8415939785399637541646267753436647945244949393536598668375152525669845115259239515833594472882938931
8643718351226325373743479275153948337625317767882278651838487857657233732639318639996433499988462646
4999524314641699344638214154584524818286537419997582512495857839964442684284588945894191942799847632
6232668427414974867377783333669554354236386316468743963117931774844968517263575444352981711763937412
6825411968449492872212317226472495929778459464731531581631934259927446277355264642382261655346973719
1535957735682167878459364592278619843866821173839869969888332822354241723763395688322798761626775214
9128434298469826611145745433641543398433795973785547887818637984468397945233197825118696191336758665
1573939288769992864397678736465451194264128926996997187521626994485393633154847374244467978111148167
7324681595733387377286258822939579518771839112896534935311655363531856147371351294438417949962848686
2482561345586719825571713931839122621344315248314215396483616213712612419541568446657354355835861572
3194592757921788929861582181667122762694815977541635459714782224379827361368921467422553656326139138
4152516783716482516361248428397836685269898981386443491482256261754914472276249213546595857785823368
1935695189787284811137392736457941545362179871278887828515957658688714524162112631446185352858539241
7284735129234946186332955364191919541298869893984444119111333174222111149596941633363937612251839854
4913199477221147797539527378942811598581242433954534692124417621279615284962327195125666151527294288
1593888122252578287533146756515486516466529679221463851711287549676162877378375242781574967384247824
2792887424439838123486369165976526118171631881576417599716626567869342418832996622943295756858535477
7982593598822579259174438618426729987653771946549623933935215959811922244664621344415542956864669632
3168834721746616165784581718973762966414581681122851623322852131723336136792988636945369177132523159
9338785561341656117587974327483297271223639986177594322962713162567316694561529969131211553943262814
8469618757251815156874987381881931859426582621285216329462641922114891356565736929238574997128844434
5782328543154951534379868954779432856622918681736645269599423374298727143859786689394228862867249211
6569185971997759525569423213296653342279468986226491713138581959745563271773615818321465222651116639
6868227663377454248263162918271479374576424941132744832878298467967224917763952939842467424866622284
7428873186892147288155352995564315298335156597918544691747478167776154229815384247346834747358647153
9756756247233771686892466192578995562784387812757998241522796291221215635285759141231982764313434641
4293658265571775574326823555166739958811876738277746467913197594562112163166549563741275857181513882
4511517224873275636134842711618285788459483978549344157998491368845523874925579262366678815745153442
4517129536463536481536475242284211432327771376841163718196697181384891617975155287222541984274637717
1721191439888549941834666299917627419745697945655514593628331185475962164746252425516181192858646391
6947448997413165146833173354994497395718819436233875546486819173995895896348348138594651189273767121
5465762685166561352242296269188297759882572651977386654751369992734955821214863993555192141373827714
8824727999256395788887695212852544895971294672425123175539723545931925983658382848397843795168966138
5579472989233862642447776558169737991319396868774134955368139787342446261189468535282839275536143326
7153283639227257534635488827311675753694168226359931842461965258411135761875251857185271991521972897
8537245273853486221334529432662128491583358217181981356829937929235512672616912966673226895144237646
1658778377932753215884617821159638717489522723242345443845484456313875495816769838439324112949993754
7481196537153328555668963836798689514726283436438525157636616489935371917858437483641513697556241678
3721323545462666617548176119913386982952417546969699458357721834794555986538215487942232981929636388
3679383632514233273731646481862257373467196928984775385451266498913868521325184288485827828432939112
6425246926581233394998157687628599534177734293432553369678345316676594175535269525356584546112258684
3768834122976714158713982785437777378137115318993464967774137585975795387562868583511786692377825261
4385354356875126875654223519582748355265922176291737334296937191621793934875238288756669628562821352
5354997666869455264418871999524937778878741798882825842798654284741982449816483572149819731716193571
6974252626784734535812574759978999257792696921652419664382227958847645185582231227361969474792945332
9534268661748492628859648594633316172542929561558152182188193391561477259716842311813222715134571884
2983641628673747116752522336222367134928821675975423494186927319123168974242935411795771396581961135
7812685795129765462127246643965313255878654822256861943568218969542499164696483964945493623348178717
4141787448219873769924831299698291851578181244637782163213653433741669914786833159732266962332654678
8432672151733141952512199595858257465538289488919483321157812567855613511743431869963596595121135274
6459437172164791284169513479767734227343678351332863211957256375277276691221274659194218735777918399
5895842871716348661192344931584494929153832873115756976362612626743829185582687699277139924223534458
6363819755815266144347552212255143152687586496925627176372689896489221927768314586513493964693891791
8625918415968266737935567111817728937279597529587225152314724769421651633241154227733246271384187397
577173614445767238734113124293531967593355718883182788967177923898565356956934568986795958356325413M
