77777777777777777777777777777777777777777777777777777777766666666665222222222222222222222222222222221111111111111111111122222222222222222222222222222226666667777777777777777777777777777777777777777777
77777777777777777777777777777777777777777777777777777777766666666667222222222222222222222222222222221111111111111111111122222222222222222222222222222227777777777777777777777777777777777777777777777777
77777777777777777777777777777777777777777777777777777777766666666666222222222222222222222222222222221111111111111111111122222222222222222222222222222227777777777777777777777777777777777777777777777777
77777777777777777777777777777777777777777777777777777777766666666666222222222222222222222222222222221111111111111111112222222222222222222222222222222214777777777777777777777777777777777777777777777777
77777777777777777777777777777777777777777777777777776776666666666665222222222222222222222222222222221111111111111111122222222222222222222222222222222221766777777777777777777777777777777777777777777777
77777777777777777777777777777777777777777777777777776676666666666662222222222222222222222222222222221111111111111111122222222222222222222222222222221212766777777777777777777777777777777777777777777777
77777777777777777777777777777777777777777777777777776666666666666621222222222222222222222222222222221111111111111111122222222222222222222222222222226666677767777777777777777777777777777777777777777777
77777777777777777777777777777777777777777777777777777666666666665222222222222222222222222222222222221111111111111112222222222222222222222222222222256666667766677777777777777777777777777777777777777777
77777777777777777777777777777777777777777777777777666666671466522221222222222222222222222222222222221111111111111112222222222222222222222222222222666666666766666777777777777777777777777777777777777777
77777777777777777777777777777777777777777777777776666666622212112121222222222222222222222222222222221111111111111112222222222222222222222222222223666666666666677777777777777777777777777777777777777777
77777777777777777777777777777777777777777777777766664666211221121111222222222222222222222222221222221111111111111112222222222222222222222222222224666666666666667777777777777777777777777777777777777777
77777777777777777777777777777777777777777777776666663111122211111111122222222222222222222221221211111111111111111112222222222222222222222222222216666666666666667777777777777777777777777777777777777777
77777777777777777777777777777777777777777777776666666111122211111111122222222222222222222223334321111111111111111112222222222222222222222222222216666666666666667777777777777766666777777777777777777777
77777777777777777777777777777777777777777777776666666121111111111111222221111111111111122333333333111111111111111111111111111122222222222222222226666666666666666777777777767666666667777777777777777777
77777767777777777777777777777777777777777777766666666122121111112222222221111111111111122333333333211111111111111111111111121112222222222222222236666666666666666776677777766666666667777777777777777777
77777767777777777777777777777777777777777777766666666554211111112222222221111111211211122333333333322111111111111111111111112111112222222222222226666666666666666666666766666666666666677777777777777777
77777777777777777777777777777777777777777777767666666655532211112222222221111111112122222333333333321111111111111111111111123222112222222222222216666666666666666666666666666666666666667777777777777777
77777777777777777777777777777777777777777777766666666655552111122222222221111112212233333333333333311221111111111111111111123322212222222222222223666666666666666666666666666666666666666677777777777777
77777777777777777777777777777777777777777777776666666555552111222222222221111112233333333333333333333322112211111111111111124322112222222222222222266666666666666666666666666666666666666677777777777777
77777767777777777777777777777777777777777766766666666555553211211111111111111112233333333333333333333332212211111111111111123422111222222222222222224356666666666666666666666666666666666677777777777777
777777777777777777777777777777777776777777666666666665555532111211111111111111123333333333333333333333333122111111111111G1122222111222222222222222222666666666666666666666666666666666667777777777777777
77777777777777777777777777777777776666666666666666666655556543122111111111111112333333333333333333333333322211111111111111122222211222222222222222226666666666666666666666666666666666666777777777777777
77777775777777777777777777777777666766666666666666676666666666651211111111111112333333333333333333333333331111111111111111122212211222222222222222226666666666666666666666666666666666666777777777777777
77777676777777777777777777777777766676666666666666666666666666664121111111111112333333333333333333333333331111111111111111122212111222222222222222226666666666666666666666666666666666666777777777777777
77777776777777777777777777777777666666666666666666666666666666666421111111111111233333333333333333333333321111111111111111111111111222222222222222226666666666666666666666666666666666667666777777777777
77777776767777777777777777777666666666666666666666666666666666666521111111112121122333333333333333333333311111111111111111111221111111111112222222226666666666666266666666666666666666666666666677777777
77777777677777777777777677777666666666666666666666666666666666666521111111122111112223333333333333333333111111111111111112211111111111111222222222224666666666664224666666666666666666666666666677777777
77777777577777777777777577777666666666666666666666666666666666666621111122233111111111233333333333222212222221111111111112333332222112232333222222222256425666622222266666666666666666666666666777776666
77777776587777777777777677777666666666666666666666666666666666666611111222322111111111133333333333211221132222221111111122333333322223333333222222222222211566222222266666666666666666666666666777776666
77677777686777777777777777776666666666666666666666666666666666655211122222222111111111133333333333211111132222221111111112333333333223333333222222222222212221122222366666666666666666666666666677766666
76667776776777777777777777776666666666666666666666666666666666661111122322222211111111133333333332211111122222221111111112333333333133333333222222222222211112122222366666666666666666666666666666666666
66666677857777777777777777766666666666666666666666666666666666211111123322222211111111123333333333211111132222221111111112333333333123333333312222222222211112222222366666666666666666666666666666666666
66666667757777777777677777666666666666666666666666666666666666421111122322222211111111123333332333111111132222221111111112333333332122333333322221111122211422222222266666666566666666666666666666666666
66666666677777777777766666666666666666666666666666666666666666621111122222222211111111112332332332111111132222221111111112332233322223333333322121111111115522222222256666664666666666666666666666666666
66666666658777677666666666666666666666666666666666666666666666642111112222222211111111111112333211111111132222221111111112332233322132233333221121111111124522222222226666626666666666666666666666666666
66666666668777766776666666666666666666666666666666666666666666651111112222222221111111111111111111111111132222221111111112322233311133333333211122111111143622222222222443246666666666666667666666666666
66666666677767666666666666666666666666666666666666666666666666661111111232222221111111111111111111111111122222221111111112322232311133332332111111111111153512222222222222166666666666666666666666666666
66666666676767666666666666666666666666666666666666666666666666661111111232222221111111111111111111111111122222221111111112222232311233333221111111111111232322222222222222366666666666666666666666666666
66666666675677666666666666666666666666666666666666666666666666661111111232222221111111111111111111111111111111111111111112222222211233333331111111111111722352222222222222566666666666666666666666666666
66666666676766666666666666666666666666666666666666666666666666651111111132211111111111111111111111111111111111111111111113222222211233333332111111111111322371222222222222566665666666666666666666666666
66666666666766666666666666666666666666666666666666666666666666641111111111111111111111111111111111111111111111111111111123322222211333333331111111111117223235222222222222566655666666666666666666666666
66666666665766666666666666666666666666666666666366666666666666631111111111111111111111111111111111111111111111111111111122223322212333333331111111111214222226221222222222566555666666666666666666666666
66666666665766666666666666666666666666666666666156666666666666611111111111111111111111111111111111111111111111111111111111111222112333333331111111111162222223611122222222466555666666666666666666666666
66666666667766666666666666666666666666626666662256666666666665111111111111111111111111111111111111111111111111111111111111111111123333333321111111111242222322261122222222266666666666666666666666666666
66666666667766666666666666666666666666632666631116666665665652111111111111111111111111111111111111111111111111111111111111111111123333333321111111111522222323233211122222166666666666666666666666666666
66666666666866666666666666666666666666651221111113666666312211111111111111111111111111111111111111111111111111111122111111111111112233333321111111112522222222323511222222145555666666666666666666666666
66666666666866666666666666666666666666632111111111256552111111111111111111111111111111111111111111111111111111111134111111111111111122333211111111112222222222322432222222235555666666666666666666666666
66666666667766666516666666666666666666631111111111111111111111111111111111111111111111111111111111111111111111222344211111111111111111112111111111116222222222332233111112435555556666666666666666666666
66666666657766664126666666666666666666663221111111111111111111111111111111111111111111111111111111111111111111343344311111111111111111111111111111115222222232322237211113555555555566666666666666666666
66666655657766651111666666666666666666666652211111111111111111111111111111111111111111111111111111111111111112444444311111111111111111111111111111122222222222332222721135555555555566666666666666666666
66665655567766641111666666666666666666666666631111111111111111111111111111111111111111111111111111111111111113444444411111111111111111111111111111152222222222332222271155555555555555656666666666666666
66665555568766621114666666666666666666666666652111111111111111111111111111111111111111111111111111111111111112344444411111111111111111111111111111162222222222332222234355555555555555555566666666666666
66665555567676655224666666666666666666666666656111111111111111111111111111111111111111111111111111111111111111344444211111111111111111111111111117162222222222232222224455555555555555555666666666666666
66555555567656666666666666666666666666666666655311111111111111111111111111111111111111111111111111111111111111244443111111111111111111111111111114252222222222232222222755555555555555555566666666666666
55555555668655666666666666556666666666666666656511111111111111111111111111575447511111111111111111111111111111112331111111111111111111111111111172572222222222232222222275555555555555555555566666666666
55545555568755666666666666556666666666666666666521111111111111111111111128444444642111111111111111111111111111111111111111111111111111111111111232672222222222232222222285555555555555555555566666666666
85554555457755566666666666666666666666666666666511111111111111111111112854444444446111111111111111111111111111111111111111111111111111111111111622242222222222232222222227555555555555555555555666666666
67555567777755566666666666666666666666555555666511111111111111111111256344444444446211111111111111111111111111111111111111111111111111111111111622224222222222222222222228555555555555555555555556666666
76555557767765566666666666666666666555555666655411111111111111111115316444444445676811111111111111111111111111111111111111111111111111111111111222123222222222222222222223655555555555555555555555556665
66755567758755565666666666666666665555556666665211111111111111111341174444476311111111111111111111111111111111111111111111111111111111111111113222212222222222222222222222855555555555555555555555555556
46755577758755566666666666666665555555555555655111111111111111115211344357411111111111111111111111111111111111111111111111111111111111111111116122211222222222222222222222855555555555555555555555555556
47655586657755655556666666666555555555555555552111111111111111351113347511111111111111111111111111111111111111111111111111111111111111111111117111111111222222222222222222655555555555555555555555555555
58675576657855666555666666564555555555555555531111111111111114511116662111111111111111111111111111111111111111111111111111111111111111111111115211111111111112222222222222465555555555555555555555555555
56675566577866556555555555555555555555555555211111111111111172211164111111111111111111111111111234556777777653211111111111111111111111111111142111111111111111222222222222385555555425555555555555555555
55665666587756555555555555555555555555555552211111111111111621212521111111111111111111111113678888777777777767888521111111111111111111111111161111111111111111122222222222382455553215555555555555555555
55667866577555555555556355555555555555555511111111111111116211114111111111111111111111478766666774211111487666666667873111111111111111111111181111111111111111122122222222471111111112555555555555555555
55667766878555555555553255555555555555555521111111111111142111114111111111111111111149766666675211111111125766666666668942111111111111111111181111111111111111122112222222641111111112555555555555555555
55667666776555555555555655555555555555555531111111111111531111161111111111111111148866666674112111245531112138666666667677841111111111111111162111111111111111122112222222821111111112555555555522555555
55666668755555555555555555555555555555555551111111111116221111321111111111111116866666667211114766666666662222477666666667768711111111111111141111111111112111122111122223132111111113555555555521555555
55666667655555555555555555555555555555555551111111111144111111611111111111111497666666661112466666666666666422227666666677766684211111111111231111111111111211122111112224133111111113555555555511555555
55666685555555555555555555555555555555555551111111111251111124211111111111148666666666211166666666666666666664222576666666666677821111111111231111111111111121122111112232335111111112555555555511355555
87777778765555555555555555555555555555555551111111111821111126111111111111686666666672113766666666666666666666523256666666666677785111111111221111111111111122122111112231326111111112555555555411255555
66666666655765555555555555555555555555555551111111117111211141111111111138666666666711286666666665477666666666672234766666666677777851111111221111111111111112322111121322324111111111455555555111145555
66666666555567555555555555555555555555555551111111135111111271111111111186666666667111866666666662227676666666667233666666666677777676211111232111111111111111322211222213323111111111255555554111125555
77777655555555655555555555555555555555555551111111161111111231111111112866666666661146666666666611112222266666666633347666666666766667841111152111111111111111231231212233324311111111135555541111112555
55555555555555556555555555555555555555555541111111711111112811111111138666666666412766666666666611112222346666666662334666666666666777669211171211111111111111122222121333233611111111123455412111111145
54445444555555556555555555555555533555555521111112411111111511111111186666666667116666666666666621112222346666666667333766666666666677767921181321111111111111122221122333133711111111112454222111111113
55444344555555555655555555555344221112221111111117111111125211111111866666766671276666666666676672122222276666666666733376666666666667766685161123211111111111122211223333333711111111111112266111111111
54443255555555555585555555554221121111111111111113111211127111111118667522246721666666666666237662122222266666666666663347666666666667776669342123321111111111122111233332333711111111111114537211111111
44443434555555555556555555551111232211111111111181122221225111111187412111111217666666666671111377212222767776666666666336666666666666666666876112333211111111124112333333333811111111112542336111111112
44444453555555555556555555531111233321111111111231122222222111111572211222212156666666666661112236322237774356666666667333666676776666666666698112333321111111124123333333333811111422464322324111111255
55554555555556755555755555511112333333321111111811222222231111114723876666666766666666666661112223722666123333666666666643554445577666666666769211133333111111113233333333333412665322222222323111111555
55555555555536755555655555211113333333331111112512222222261111119257666666666666666666666661122222765661333333666666666673333333232356776666668211123333211111113333333333336359222222222222322111113555
55555555555564555555675551111133333333321111115112222222271111182766666666666666666666666661222222277433343333666666666664333333233333337766667811112333321321313333333333346822222222222222231111114555
55555555555566555555664521111233333333321111117122222222241111436666666666666666666666666652222222677333333338666666666667677777765333333357767821111233331332323333333333621122222222222222352111112555
55555555654444555555655211111333333333311111114122222222231111926666666666666666666666666632222224677733333337666666666666666666666676433344777771111133333333243333333336121122222222222222361111112555
55555532223344443446767111112333333333211111141222222222311116276666666666666666666666666542222277443753333334666666666666666666666666667544438782211113333333143333333441111112222222222222361111112555
55554233467888888875577111113333333333211111161222222222511118366666666666666666666666666672222576233573333335666666666666666666666666666674445447321112333333133333334431111111222222222222231111123555
55444588877777777777776211113333333332111111172222222222511152766666666666666666666666666668347662333367333337666666666666666666666666666667754553333111233335333333363311111111222222222222311111255555
55457877777777777777775211112333333332111111172222222222511193666666666666666666666666666666776733333336433336666666666666666666666666666666775374333311123335533333533211111111122222222222511111355555
55887777777765777777773111111112223333111111172222222222511238666666666666666666666666666666666534443335776766666666666666666666666666666666667648333332112333433336333111111111122222222222411114555555
68777777777733776555672111111111122332111111172222222222511726666666666667666666666666666666666244443333666666666666666666666666666666666666667744533333211332333333334111111111122222222223211145555555
86777777777733775555652111111111111112111111182222222222511476666666666676666666666666666666666734343335666666666666666666666666666666666666666774433333331342333333333111111111222222222226111455555555
77777777777734765555552111111111111111111111162222222222416166666666666776666666666666666666666678674347666666666666666666666666666666666666666777483333333363333633332111111112211222222261112555555555
77777777777777765555662111111111111111111111142222222222318566666666666766666666666666666777776666677876666666666666666666666666666666666666666776744453333336333333332111111122111222222251123555555555
77777777777777765556661111111111111111111111115222222222215766666666667766666666666677676666666666666667787666666666666666666666666666666666666776831222273325335333331111112211111222222411112555555555
77777777777777775566661111111111111111111111117222222222212666666666667766666666668776666666666666666666667887666666666666666666666666666666666667112223327424343333331111122111112122223831111355555555
77777777777777775666661111111111111111111111113222222222265666666666677666666668777677767778875555578777767777787666666666666666666666666666666741223433435343363333331111221111122222222221111255555555
77777777777777776666532111111111111111111111111722222222268666666666677666666777766666788754555555555687777777777876666666666666666666666666666711143588764453343333321113211111122222223311111255555555
77777777777777777666621111111112321111111111111522222222226666666666677666677777777877777755556677788888887677777777766666666666666666666666667112537667777745533333312321211111222222223411111255555555
77777777777777777666511111111123332111111111111182222222226666666666776668777767877777777655555677888888888887777777776676666666666666666666672113466666777783833333333333111112222222243111111155555555
88777777777777777666211111111123332211111111111134222222227666666666776687777787777777777554447777888888888878877777777877776666666666666666681123866666877786433333333331111112222222541111111125555555
88888888888888888766111111111233333321111111111116222222222766666667777877778777777777776544567778888888888888878877777787777777666666666666621228666663227878373333333333211112222222257111111112555555
88888888888888888862111111111333333332111111111111822222222766666667778777777777777777775444577778888888888888888887777777766777766666666666711326666672222777543333333333321111122222226111111111255555
88888888888888888861111111111333333333211111111111172222222286666667787777777777777777744445777778888888888888888888877777786666777666666666811285564452222877837333333333332222122222242111111111111135
88888888888888887222111111112333333333211111111111145222222236666677877777777777777777544457777788888888888888888888778777779666677766666676511165531122222877857333333333333222222222251111111111111255
67888888888888884221111111112333333333111111111111112622222223766678888777777777777777444577777888888888888887788888887887777876667776666676211455511122222778284333333333333333222222611111111111111255
66677888888888882111111111122333333332111111111111111361222222576678787777777777777775445777777888888888888888777888888878777777666777666677112755411112222783354733333333333333322327111111111111111355
66666667888888872111111111113333333322111111111111111128322222237687877777777777777754446777778888888888888888877778888887877777867677766677113855571112223773338933333333333333334361111111111111111345
66666667888888811111111111113333333221111111111111111118893222222989777777777777777644445777778888888888888888877778888888778777777677776668113655557322226733337833333333333333334511111111111111111255
66666667888888311111111111113333333321111111111111111128778842222287777777777777777444445677788888888888888888877778888888888877787667777668113546237742227733335743333333333333344111111111111111111145
66666667888851111111112111112333333311111111111111111128777877884377777777777777774455544447888888888888888888877778888888888887788767777768113451111477217733338753333333333333711111111111111111111111
66666667888311111111133332211122233311111111111111111137777787776677777777777777755554444688888888888888888888877778888888888888878877777778113521111237627433338773333333333346111113321111111111111111
13677775211111111111133333333211233311111111111111111147777778931277777777777887544445888888888888888888888888888888888888888888878887777778114511111122877233333883335443664511111343334211111111111111
11111121111111111111133333333311123211111111111111111147777778423187777777788777445788986445888888888888888888888888888888888888877888777778214511111122278333332893334653261111112333333411111111111111
11111111111111111111133333333211112211111111111111111147777792221138778888778777886464444444444698888888888888888888888888888888887788877778225441111222278433333893333334571111114333333321111111111111
11111111111111111111123333333211112211111111111111111147777811231126877777778887444464444444444446888888888888888878888888888888788788877778225561111222573833333883333333437111123333333331111111111111
11111111111111111111123333333211111111111111111111111148777211311114487788875444444444444444444444449888888888888878888888888888777988887778224555112222772584333883333333444521133333333341111111111111
11111111111111111111123333333211221111111111111111111128781113211112444343444444444644444444444444444488888888888777888888888888788898887777225655122223723378333883333333345343133333333341111111111111
11111111111111111111123333333333332111111111111111111119791113111111444444444444444744444444444444444445888888888888888888888888788888888778223852122226823338923883333334444456233333333341111111111111
11111111111111111111133333333333333111111111111111111119811131111111134444454444444444444444444444444444458888888888888888888888788888888877223762222227533333888793333344446743433333333341111111111111
11111111111111111111133333333333333111111111111111111117511141111111223444444444437323444444444444444444444788888888888888888888888888888987323564222267233333988793333334445333353333333341111111111111
11111111111111111111133333333333333111111111111111111117112431111111222224444444477222234444444444444444444446888888888888888888888888888887733467322278233333288883334444445333334333333331111111111111
11111111111111111111123333333333333111111111111111111113111911111111223112444444548122222344444444444444444444488788888888888888888889798888853477865777233333388877334444445333333333333321111111111111
11111111111111111111112322212333333111111111111111111161119511111111214111344444448112222222344444444444444444444787878888888888888644428888855487777773233333387877744444446333333333333312233211111111
11111111111111111111111111112333333111111111111111111721158221112111222114223345338111221222222344444444444444444448888888887888644443225888845447777772333333388477563444446333333333333334333333111111
11111111111111111111111111112333333111111111111111112421297121112211221112112483338111111212222223344444444444444444698888888754444442222888966548777772333333388578585344446333333333333333333334111111
11111111111111111111111111112333333111111111111111118122972221222211232231111533337111111111222212223344444444444444444444444444444322222588896554877774332333878777611644445333333333333333333333311111
11111111111111111111111111112333333111111111111111114223991221222222242141111733337111112111222211232223444444444444444445444444442222222388894655677778227836785878612145545333333333333333333333311111
11111111111111111111111111112333333111111111111111181229182222222222241211117433337111112111111111232112122334444444444444444444412222222378888555559777787777781877611111265333333333333333333333311111
11111111111111111111111111112333333111111111111111152264252222222222232111124333337111112111111111232111111112234444444444444443222222222248888565553887777777822977711111133333333333333333333333211111
11111111111111111111111111112333332211111111111111722271522222222222122312173333337222222111111111232111112111222444444444444422222222222249888856555223887777333877711111233333333333333333333333211111
11111111111111111111111111112332111111111111111111822821823222222222222411244443368222222111111111222111113111222444444444442222222222222245888856656222248878334876711111233333333333333333333334211111
11111111111111111111111111111111111111111111111114225311822222222222221222844454328222223111111111322111113211123444444432232222122222222243888878462333333489438776711111133333333333333333333334111111
11111111111111333341111111111111111111111111111118218111522222222222223122345321128122223222222222322222212321116544432122222231112222222244788888892333333347447875811111143333333333333333333332111111
11111111111123333332111111111111111111111111111117242112322222222222225225353111126222222222222222322222212133227543222223122231111222222235488888886333333335478883811111123333334333333333333332111111
11111111111123333333123321111111111111111111111133181114222222222222223215322111114222223222222222222222221222335332222222222231112222222234498898887733333335878873811111114333353333333333333341111111
11111111111133333333143333111111111111111111111162241116222232222222222235311111113222223222222222222222252222226352222222223231112222222234488888777887533364478875811111111344333333333333333421111111
22211122211133333333433333411111111111111111111182711118232242222222232283111111112522223222222223222222262222243342222222323231112222222234558888777547889874477886811111111111143333333334444211111111
22222222222233333333333333311111121111111111111182611118242242222222252152111111112722224222222223222222232222264352222222223231122222222234448888777754578884484887811111111111133333333322221111111111
22222222222233333333333333321112222222221111111172211118232242222222262221111111111522224222222223222222822222144237122222232231222222222234349888777778863777354786811111111111143333333321111111111111
22222222222233333333333333321222222222221111111164111117232242222222262511111111111322224222222223222222822222334213322222232232222222222234249888777777833877937785911111111111143333333321111111111111
22222222222233333333333333322222222222121111111147111116232342222222252611111111111242222222222223222226622222532113522222222232222222222244246889777777846777838774911111111111243333333321111111222221
22222222222223333333333333322222222222223787766635578755222342222222262211111111111162222322222223222226122224331112452222223232222222222242254888877778833877467784811111112211133333333311111122222222
22222222222223333333333333322222222222226221112233211114222342222222266211111111111132222522222222222266122226321111352222223332222222222242244888887777883487487784911111222221123333333311111122222222
22222222222223433333333333222222222222225331111231111114222443222222267111111111111125222822222222222256222243211111145222223422222222222242234888877877778427487784811112222222114333343311111122222222
22222222222333333333333334122222222222222523111231111114222444222222265111111111111114222722222222222833222264111111235222223422222222222242224888888888877853677784811112222222212443444422222222222222
22222222222333333333333333322222222222222622332142111114322544222222273111111111111112122562222222226362222642111111223422223322222222222222224888888888878778777774711122222222221344434222222222222222
22222222223333333333333333331222222222222272234252111115222644222222273111112211111111522462222222326362221421111111113622223422222222222222224888888888888777877784722222222222221144442222222222222222
22222222213333333333333333332222222222222222223375111115222844322222253114211722222111252235222222363422225211111111112322223522222222222222224988888888888877777774722222222222222112222222222222222222
22222222213333333333433333331222222222222226332346211116222544422222233112632851211122114253222222732422262111111111112352222622222222222222224988888888888777777778522222222222222222222222222222222222
22222222213333333333433333331222222222222222833333342216322444422222224122188985211112112353622222823222621111111111112142222422222222222222224988888888888888888778422222222222222222222222222222222222
22222222224333333333343334422222222222222222273334433447223344432222225125888888895111311232252222624246111111111111111136222222222222222222224998888888888888888778222222222222222222222222222222222222
22222222222333343333324334322222222222222222228333333334224244432222227227888888888712211136142222623352211111111111111126223222222222222222224988888888888888888779222222222222222222222222222222222222
22222222221333343333322221222222222222222222222453333333225264442222325277778888988881111111112322312111111111111111111113325222222222222222224888888877888888888779222222222222222222222222222222222222
22222222222123233333322222222222222222222222222246333333526274443222232578786322258874111111111332211211112222111111111112727222222222232222224798888888888888888877222222222222222222222222222222222222
22222222222221233333322222222222222222222222222222743333836244444222252775222222222277111111112117251212421111121111111111425222222222222222223348888888888888888883222222222222222222332222222222222222
22222222222222223333322222222222222222222222222222257333725224444422252522222222222217211111111112441112122211261111111111422222222222222222323333488788888888888892222222222222222222222222222222222222
22222222222222222221222222222222222222222222222222222483444229444432235222222222222222521111111111111111121246882211113211282222222222322222224333333688777888878862222222222222222223222222222222222222
22222222222222222222222222222222222222222222222222222222892543544443224452222222222222111111111111111111266777888897771211182222222222222222225333311212788888888822222222222222222233222222222222222222
22222222222222222222222222222222222222222222222222222222262544844444326435422222222222221111111111111111467778888888811111152222222223222223226333111222226887888922222222222222222222332222222222222222
22222222222222222222222222222222222222222222222222222222223744484444448835333222222222221111111111111123652222588888881111122222222222222222238331111111122226989322222222222222222322232222222222222222
22222222222222222222222222222222222222222222222222223677765484454444444553323222222222211111111111111113111222214988886211322222222232222222226321111111112211269522222222222222222322232222222222222222
22222222222222222222222232222222222222222222222237422332225436546544444725632222222222211112111111111122222222222228887312522222222322222222224311111111121111112148522222222222222322232222222222222222
22222222222222222222222323223222222222222222222753325322234444458744444432232222222222211112111111111222222222222223887222322222222322222222233211111111112122111121485222222222222322222222222222222222
32222222222222222222222322223222222222222222273224832222242444734446444445222222222222221121111111111222222222222222277737222222223222222322263111111111111111111222221374222222222322222222222222222222
22323322222222222222222322223222222222222222722457222222242167435444744444422222222222211111111111111222222222222222225233222222232222222222274111111111121112222211121224322222222322222222222222222222
33333333222222222222222333223222222222222224344263222222242253245444468754322222222221222111111111111222222222222222222272222222222222222222243222112221122222334444333339222222222322222222222222222222
44444443333222222333333232222222222222222283723322222222244432244444449232222222222222121111111111111122222222222222222622222222222222242222433222222457653333333333334752222222222322222222222222222222
44444433333222222333333332222222222222222237225222222222244622244444489222222222222222177532111112111122222222222222223322222223222222342222633346875333333333333334685222222222222322222222222222222222
44444344433332223333333223212222222222222532343222222222226222344444579522222222222221676333334445211122222222222232243222222422222223442222543333333333333333347962222222222222223322222222222222222222
44444444443333223333333222233222222222222662723322222222223222444444629922222222222221753333333333531122222222222222432222224222222234422226333333333333333335884222222222222222223222222221221222222222
44444444443333333333333321333322222233222755333332222222252222454446223912212222211112643333333333331222222222222225222223532222222344522225333333333333479987842222222222222222233222222333333222222222
44444444444333333333332211333333222233322746333333222322252222454447222841112221111111443333333333331222222222224542222255232222223344622253333333333579987777783222222222222222232222223333333422222222
44444443334433333333332333333333322233332443333333323223722222454443222292222211111111333333333333336222222222223467658633333222234469222233334678888888887777777622222222222222332222233333333312212223
44434444444444333333332333333333322223332363333333334323232222454482222889221221111111333333333333336122222222222778743333333223335986222855554469888888888887777782222222222222322222333333333312334223
44443444444444433333322333322333322233333243333333333337222222454432222846711211111112333333333333336122222222222233333333333333467892227444444444698888888888877675322222222222322222333333333323333412
44444444444444433333322333322333323333333734333333353333332222454822222845481211111111433333333333335112222222222226323333322334878851274445444444446988888877787777622222222222222222233333333433333342
44444444444444444333331433333333323333333643333333333373433222454422222954559111111111543333333333333112222222222223733333333485488822544444444444444688877777767777832322222222222222233333333333333341
44444444444444444433331343333333233333333444443333633243333222358222287774445551111111233333333333331111111122222221898977764444487228444442232222224239777777777777783222222222222222233333333333333331
44444444444444444433332221333311333333334345444433533533333322345322777794445455211111153333333333342111111111222224888854544444482489444442242222222224877788998777778323223332232221113333333333333332
44444444444444444433333333233323333333334344444445333633333423392227777784545444721111124333333333321111111111112229888944544444748888444422224222222222498999998998777433333333332133333433333333333332
44444444444444444333333333233223333333332454444448333434333433362248777785545444474211112333333333421111111111112284888844444443598888444422224222222242279888999999987823333333321333333333333333333331
44444444444444444333333333323333333333333784444447335435333343332487777888545444544821111133333343211111111111116844578745444454498888444422224222222225339988889888898753333333323333333333333333333341
44444444444444444433333333333333333333333384444486338335333334363877777888445444444447111112222221111111111112775444558444223444498888544422223422222222333776676788999883333333323333333333333333333423
44444444444444444444443333333333333333333384444486337446443334388777778888545444444445821111222222111111122277544444446323232234498888544422223322222222733777677668899973333333323333333333333333432223
44444444444444444444443333333344333333333344444445335847444444487777778888855444444445568411221222222125888544444444447232322243498888742422222232222222243398777666999976333333332333333333333333331333
44444444444444444444444444444444443333333334444435343437444444477777778888845444444455454685433344567775864544454444554233222242498888842322222332222333283387777776799988333333331433333333333333331333
44444444444444444444444444444444444433343334644567364346444444445777788888855444444454445544444434457764444555555555472432222332388888832322222433222333344348777777688998333333332233333333333333332333
44444444444444444444444444444444444433336777764677375345444444444777798888894544444454455744444446864455444555445555552522222322388888822332333432333333337348777777779897333333333143343333433333332333
44444444444444444444444444444444444438521126437867476477544444444458788778885444555455445464448644444444445555544455625222222322388888822243333533333333338345777777778997433333333321143333433333332333
44444444444444444444444444444444444482111112115667466777754444444444988777888445555555544458665544444444445455544455533222224222388888833343333533333333335544877777777997533333333333243333333333323333
44444444444444444444444444444444445312221133112666868777754444444444478876888754445555555544755555444444445554444456322222223223388888623353333433343333333844887777777997733333333333323334214334333333
44444444444444444444444444444778651112222111111267677777775445544444697777688845555555555544464444555544454544445456222222232223688888533363333433343333333944877777777898833333333333331342232222233444
44444444444444444644444477644767841111222221111118776877776444576788967777888884555555555544448444455555554544444444222222422223888888333363333433333333333774677777777798933333333333332222333322334444
44444444444444447778888787778776711111112141111117677677776774438777877776778884455444444444444744444455555544444553222223222223888888233363333433335333334484477777777798833333333333333333333333344444
44444444444444446777777777877777111111111141111276666667776777643778777778678998445444444444445584444454655444445733333333222232987888333373333433334333443488487777777898833333333333333333333333344444
44444444444444444787777777777775111111111231111566666666777777777779778776669713744444444444444457444445776554573333333333333347898889433483333443333434444488888777777789843333333333333333333333444444
44444444444444444487777777777771111111111231122866666666677777777778784886676212443444444444444465544444844666644433333333333238899887444583333433334534444487888777777889743333333333333333333333444444
44444444444444444444887777777771111111111233337666666666677777777778753676631221253454444444444445554454444444443333333333333338789974444783334534444644444498888878778689753333333333333333333333444444
44444444444444444444448677777731111111111233377666666666777777777778934767522111114344444444445444377547474444444333333333333287777994443993336544444644444488888888767689763333333333333333333334444444
44444444444444444444443877777721111111111233386666666666777777777778863866221222111644444444444543333868446444444333333333333387777874445873338544444543444488888876777779763333333333333333333334444444
44444444444444444444444577777211111111111242876666666677777777777788888766212221211164444444444333333477644644444443333333833777778844368843348544444664444487876777775879783333333333333333333444444444
44444444444444444444444477777111111111111246776666667777777777777788888666312311211116344444445333333448944454444443333338633777778888888833388544444774444688677877774879793333333333333333333444444444
44444444444444444444444487777211111111111328777667777777777777777788886666812223311111633344453333333444884444444444333877338777678888888544688444444874458778877777787589793333333333333333333444444444
44444444444444444444444887777111122111111328777777777777777777777788886666712132111111173444453333333445995444444444369873358766667778888434888343338884787888887777855889793333333444444333333444444444
44444444444484744448887777777411333333211328777777777777777777777788976666632111111111112744453333333444988844444458887833587766677767843478888434787788787888887756988779793333344444443333444444444444
44444444444443384448878777777822333333333436777777777777777777777788976667671211111111111157563333335444888886444448887334877777877666788988888888777788888888875688888879793333444444443344444444444444
44444444444833334445888787777753333333333333877777777777777777777888766666661211211131111111264454444444889788888853443388778876666666666666777777788778788887898888888779793333444444433344444444444444
44444444444733328444488999877773333333333333677777777777777777779988666666667131688712111111164454444445989787778884336878877666666666666666666963212233677888888888887779783333444444444444444444444444
44444444444333337444443443689873333333333333377777777777777777884398666666667118887842111112226554444445888787777788888788766666666666666666784122321113439888888878887779783333444444444444444444444444
44444444446133334444444444444443333333333334377777777777777873333387666666666798888781111121123454444448877877777778788766666666666666667675224122111113341988888878887779783333444444444444444444444444
44444444447133333444444444444447333333333333337777777777897433332887666666666688788881111213432744444688877877777777888766666666666666666831321112111123334288888987467779793333444444444444444444444444
44444444448123332444444444444444733333333333337777778887764433338786666666676787888871111267823237448788777877777778887666666666666666673231111111111133333529888753428779794433344444444444444444444444
44444444447122222444444444444444473333333333333777887777777788388786666666666878887761111187772332336888778878777777886666666666666677781311111111111133333334824337838779784444444444444444444444444444
44446632222111113444444444444444434723333333337876677666666667787776666666668888888832112188787132258887878788777767876666666666677777723111111111111133333332927853468869784444444444444444444444444444
44561111111111214344444444444444444474333323686666666678888887767776666667669888877512112188887332588766778787777846776666666666677777722111111111111133333335826348966659793444444444444444444444444444
38111111111111113844444444444444444444763676666666786433222223777676666676696888875211112188888838887666678787877723896666666666777766731111111111112333333332448767777779888344444444444444444444444444
32111111111111111247444444444444444444486666667753333347888883776676666666848888821211111188888888776666678888878877887666666666666666321111111122128988889877666666776869882644444444444444444444444444
11111111111111111113744444444444444444966666863232358887777776766676666666848888812311211247888888666666668888788888887666666666666667321111111222188888877666666666767879882544444444444444444444444444
11111111111111111111173444444444444444666853347877777777777776666776666668337888812112111318888888666666667888888888878666666666666665221111121112888888766666666666788879882244444444444444444444444444
11111111111111111111217344444444443333477448877777777777876666664566667683337888852114322216888888666666666888978888889766766666666663321111221212888876666766666676888879882244444444444444444444444444
11111111111111111111122744447888777788846877777777778876666666665766677643338888882211221124888888766666666688888888888966777666666673321113111218888866667766666788888778883354444444444444455544444444
11111111111111111111122354474466666667787877777777777766666666667666666833337888882313212228888888866666666678888888888876777666666663321121111128888677677766678888888778873354444444444446422364444444
11111111111111111111222253756443766666677777777777666666666666666676667233335888886121222288888887567666666667789888888787677766666643321211111188887677677766666888888888873364444444444521112274444444
11111111111117742222222234756933346666776687787666666666666676677555933333333888888121325788888875376666666666778888888878677766777733312111113288887666777766667778888878873374444444445211222264444444
11111111111117777222222224756873334766666668666666666666666666764558333333333888888422148877888783386666666666777888888978877777777733313111112488776666777767777768888878873364444444446212222254444444
11111111111111377422222223755754623376666666666666666666766784444833333333333588877811778878888733336766666666777798888887887777777733341111111888877766676667777776787887873266665444451122222244444444
11111111111111137212222223856654352237666666666666666676668534466333333333223378888744878788887333336766666666677788888887787777777733311111111978877766776667777777668877873122224675461122222644444444
11111111111111112222222224766574447222766666666666666667743337633332111333111278888878888888843333338676647666677778888897788777777733311111121888877777766667777777767697871111111111353222236444444444
11111111111111111222222224655584334622276666666666676684333384333311111332111137888888888887433333334676422666677778888888788877777733311111122888877777766667777777777778871111111111113522344544444444
52111111277571111222222224455697222272327666666776776333338433331111111132111118888888888853333333333867423766667777888888877887777743311111122888867777776667677777777777781111111111112152544544444444
77111111241441121222222224456632322326223766666667734333483333311111111122111114888888778433333333333667633766667777888888877878777743311111122888867777777666777777777777773111111111111115544444444444
78111111722112222122222227622332211112342287666842333266334222111111111113111111888888833322333333333386787666666677788888888877877783322111112888877777777777777777877777777811111111111111354444444444
85221114222112222222157411122221111111326338742333358433333311211111111112111111288886433233333333333346676666666677777988888887887783322211121888887777777777777776688877777781111111111111125444444444
82221112222222222235741111112111111111112423222334743333333211211111111111311111158854322333333333333337676666666667777798888887888773322211211888888777777777777776668887777774111111111111116444444444
72221122222222222441112111111111111111121273223743333334334311211111111111222221111111123333333333333434666666666667787887789778788875322222211888887877777777777777777699887777111111111111111744444444
32222222222222222256211111222233322112121127776322122222223311111111111111122221111111133333333333334333767666666666787666676888778897322222211888888777777777777777776779897782111111111111111254444444
22222222222222222254457642211111111111121113312222211111113312111111111111122222111111233333333333432233567766666677666666666678887778322222211888888887777777777778777777992411111111111111111164444444
22222222222222222354444456777532111111131113132112311111123212111111111111112222211111233333333334322333377666666776666666666678887778332222221446898978777777777779877776792111111111111111111126444444
22222222222222224554444444443333345665131112122312211111123112132321111111112222221111133333334332123333356676668327666666666666788778432222221544444487777777777777978876691111111111111111111117844444
22222222222233264556444444444333333334131111321312111111113111112222111111111222222111113333333211223333338676682322766666666676788778822222221444444446777777777777888889784511111111111111111114574444
22222222222237455557444444444433333333131111111211111111115121241131211111111222222211111123321111223333334767646672276666666633578778833222222244444444334777778777788888876672111111111111111111557444
22222222246445555557444444444443333332111222221111111111113121211312211111111122222221111221111111123332233866766873227666666633376878893223333144444444444377778877778888877667111111114611111111746444
22333356544555555576444444444443333335211111112232221111112121323221111111111122222222122111111111113332133466867778233766666663457588886333333154444444434887778877777988876666111111126631111111655744
55555555555555557676444444444443333333234651111111111122221111111132111111111122222222211111111111112232123377677777723276666667687678888833333324444444446887777887777788874666111111146641111111555844
55555555555555587667644444444443333333333334575311111111112111121113111111111112222321111111111111111111113337686677772237666666677749888884354314444444438888777878777788871752111111146641111111555744
55555555555567766667844444444444333333333333933334576321112131111111111111111232211111111111111111111111112334667677767222567777777757988888843324444443288888777788886778861111111111136621111111655644
55555555556767766667744444444444333333333338333333333455612112211111111111111122221111111111111111111111111333768667767622222234677757888888873343444442988888877688888779961111111111126611111111655644
66666677766667777777744444444444333333333343333333333333413111112221111111112311222111111111111111111111111333467666767672222222333348788888888342444348888888887788888878851111221111113411111115555644
55556667666667777777474444444444443333333353333333333333311441111113111111322111212111111111111111111111111233376866667667288888753335778888888874324888888888888888888778831111525111111111111134555744
55555767766777777777474444444444443333333733333333333333311335211112111122122111412111111111111111111111111133336366676666766667788886777888888888888888888888888888888778731113113311111111111255555544
76555777776777777774447444444444443333334333333333333333321123345311211112211121123111111111111121221111111133336276667666664666667677677788888888888888888888888888888778731111111111111111113455557444
47655677666777777754443744444444443333337333333333333333321112333431211112121311211111111111111123124111111133333336666666675766667677847778888888888877888888888888888778831111111111111111135555566444
44476477666666676444444464444444444333333333333333333333341111333361121112212111212213111111111211233121111433333728666776667566667777776777888888888878888888888888888878831111111111111112545555667444
44444777777777854444444446544444444333343333333333333333351211233331121112121213131132111111111111212313113112333325666676666636666777775777988888888878888888888888887788831111111111111145555555767444
44444444444444444444444444474444444433443333333333333333361211133335112141131123112112111111111222221111121333333372966667666673666777777677788888888878888888888888888787721111111111116445555576768444
44444444444444444444444444444444444433343333333333333333351211133335112114212221222113111111121213133331131213443352566667766666566677777577788888888878888888888888878787721111111113643555554756668444
44444444444444444444444444444444444444337333333333333333331122133333411211122111312111111111121121211211411243333333286666777767477777777577788888888878888888888888777798742223356433555555556446665444
44444444444444444444444444444444444444336333333333333333335111223333411111122312131214111111121113221113114433333337247666677767767777777577788888888888888888888887777945733344555555555556744466674444
44444444444444444444444444444444444444434533333333333333333521112333331111121212111121111112221111112112153333213333337666667777747777777577988888888888888888888877798565555555555555555576644466684444
44444444444444444444444444444444444444444843333343333333333336311133341121111121111311112221111231111121233321111233734866666777747777777477788888888878888888877789655555555555555555576666644466644444
44444444444444444444444444444444444444433544333444333333333333421123332111112311111111321111111112311311533111111123522766666777747777777887778988888988888888778886455555555555555577666666544447744444
44444444443444444444444444444444444444443484434444433333333333612112335112211111112211111124442211112115321111111111373577676487747777787777777789888878888778876556577887776665444456666666444446744444
44444444442444444444444444445444444444444464444444433333333333613111333211233333321111113532243442111113311111111111463277654877857777877777777778988868877897666656666666444444444446666666444447444444
44444444442244444444444444446444444444444435333334443433334433322111133511111111111134311111111112353332111111111111235367778777758877777777777777789877887666666666666666644444444446666666444447444444
44444444442244444444444444447444444444444473333333343443444443341111112361111211135311111312211111113111111111111111238237778777788777777777777777778989766666666666666666644444444446666664444374444444
44444444444444444444444444447444444444444733333333334333334444361211111225733522111111113122121111111111111111111111233338777688877777777777777777777896666666444466666666644444444445666664444554444444
44444444444444444444444444444444444444447333333333333433333334432122222233332121111111113111121111111111111111111111133733777777777777777777777777777779666665444446666666664444444444666644445644444444
44444444444444444444444444444475444444445333333333333433333333347111111111112113111111112322121111111111121211111111133433877777777777777777777777777787866664444444666666664444444444666644448444444444
44444444444444444444444444444444468754543333344333454343333333333764322221111111221111111121211111111111311131111111123373377777777777777777777777778655486665444444466666664444444444666644484444444444
44444444444444444444444444444444444455733333333335537333333333333333334445667611122111111231223111111113111112111111113363377777777777777777777778864444566666444444456666664444444444666444844444444444
44444444444444444444444444444444444448333333433454444534333333333333333383333343111311112111231111111221111111311111113334357777777777777777777854444663758666444444444666664444444444665477444444444444
44444444444444444444444444444444444463333333346344444633333333333333333373333334311121111212111111111211113511131111112337337777777777777777786444466333363866444444444566664444444444664664444444444444
44444444444444444444444444444444444475555667444444444363333333333333333363333333361113111121111111121111285371113111111333336777777777778875444556333334336478644444444456664444554444568344444444444444
44444444444444444444444444444444444473444483344442444434343443333343333373333333337111111111111111211117533337111211111233733867777778865444446433333333333444874444444445644866666685844444444444444444
44444444344444444444444444444444444446444473344321344437333333367334333483333333333711311111111122111283333333611131111233433577778875544454563433333333333374468444444444547666666667344444444444444444
44444444332244444444444444444444444443744354432122234443756654334335333883433333333362121111111211117433333333362113111133373344444445445664333333333333333335444478544445444566666665444444444444444444
44444443333344444444444444444444444444464443221122224444433444443334334873433333333327113111122111283333333333337111211133343344544443574433433333333333333333844444687544444476666684444444444444444444
44444443333344444444444444444444444444448421111112113434443444443733538878443333333333711223211127333333333333333731121113336344457643333333333333333333334444374444444446789987666876544444444444444444
44444432333334444444444444444444444444455811111111112434444444443433438872343333333333381111111663333333333333333382123113333577633333334333333433333333333333337444444444444448667877889844444444444444
44444443333324444443234444444444444444455711111111112233444444444343347772443343333333335111174333333333333333333347212212333333433333343377777643333333333335744444444444444458675555655689644444444444
44444443233444444443223433444444444444445711111111111233344344444363277753333334333333333746733333333333333333333353711131333333333333433543343434465555545775444444444444444886555555555556884444444444
44444444443444444443222222244444444444555511111111111123432233343443354223333333443344433333333333333333333333333373344122333343343333335444444344453458754444444444444444477555555555555666668744444444
44444444444444443222222222232344444444555411111111111111111124444442422223333333334444443333333333333333333333333373333611333333333333353444444444454444444444444444444444965555555555555666666694444444
44444444444444442222222222322244444444554311111111111111111123444445333223333333333344443333333333333333333333333373333453333333333343354444444444444444444444444444444449655555555555555666666679444444
44444444444444432222233322222134444444569211111111111111111112444473633324433333333334444333333333333333333333333383333326333333333333543333444444444444444444444444444485555555555555555566666666844444
44444444444444422222333322222244444444685111111111111111111111324473556533343333333334444333333333333333333333333383333334433333334337443334444444444444444444444444444865555555555555555566666666794444
44444444444444432222333332221444444448556111111111111111111111124443743354624333333333444433333333333333333333333373333333363333343373344333444444446444444444444444446655555555565564226656666666679444
44444444444444432222333332223444444476578111111111111111111111113443733734343333333333333333333333333333333333333373333333344333333433444444444444447444444444444444448555555557777422222556666666667644
44444444444444443222233321222344444855787111111111111111111111123843836444443433333333333333333333333333333333333353333333334633336344444444444444447444444444444444486786678875222222222756666666666854
44444444444444444222222222222344445558947111111111111111111111124743837334336333333333333333333333333333333333333343333333333373343343444444444444446444444432444444495556656662222222222556666666666794
44444444444444444444322254444444446577438111111111111111111111127733982122234444578667333333443333333333333333333333333333333334633344444444444444445444444422244444855555555522222222222556666666666676
44444444444444444444522544444444458589348111112111111111111111136477821111134333343433333333334333334444444333333733333333333333344444444444444444445444432222234444855555555522222222222654676666666669
44444444444444444444454544444444767687347111111111111111111112154444622111124334444433333333333433444444444433333833333333333333444444444444444444444444422222244447555555555322222222222622256666666668
44444444444444444444444644444444586884446111222111111111111111274448121111114334444443533333333334444444444433333433333333333344444444444444444444448444442222224449555555555322222222222522227666666667
44444444444444444444444544444444485883445111222111111111111111354453111111123444344444633333333333444444444433338333333333344444444444444444444446763444443222224447555555555522222222224322226666666666
44444444444444444444444544444446677883444111122111111111111111743461111111112334444433433333333333344444444333373333333344444444444444444445678544444444432223234476655555555622222222225222225666666666
44444444444444444444444544444437978884444211122111111111111111744721111111112334433333453333333333344444433333663333333344444444444444766665555444444444442232344486655555555542222222224222225666666666
44444444444444444444444444444485868894444222211111111111111114444411111111111344433433463433333333334443334674333333333444444444444446555555555555444444444532344485666555555555222222262222227666666666
44444444444444444444444444444467458894444222221221111111111118448111111111111223333444434333334433333345333333333333333434444444444445555555555555554444444443444466666555553222552222242222224666666666
44444444444444444444444444444468468794444222221222222222221125453111111111111121112444437333343333333333433333333333333444444444444485555555555555555444444444444566666555562222245322422222222666666666
44444444444444444444444444444485477684444322222222222222222254371111111111111111211344433455677343333333333333334444434666444444444755555555555555555544444444444766666655562222222363522222222766666666
44444444444444444444444444444459457783343322222222222222222284521111111111111111111244433444347333333343333333344444444455764444444555555555555555555544444444444866666655562222222225522222222766666666
44444444444444444444444444444455577873333322222222222222222253521111111111111111111144444444443734333353334444444444446555555675446555555555555555555555544444444866666665562222222225263222233766666666
44444444444444444444444444444448586775333332222222222222221737211111111111111111111134444444444533433374334444444444464555555555665555555555555555555555555444444866666665562222222224226322332766666666
44444444444444444444444444444448776888333333222222222222222736111111111111111111111124443334444473333385874444444444445555555555555555555555555555555555555554444966666666653222222242222552335776666666
44444444444444444444444544444448775677433333222222222222225452111111111111111111111123332233434337343374448643444444778889875555555555555555555555555555555555444966666666666222222252222266447666666666
44444444444444444444444544444448785848833333322222222222218381111111111111111111111111112133333793743354444446854448777777788755555555555555555555555555555555554966666666666222222322222224666666666667
44444444444444444444444544444448887857743333332222222222273522111111111111111111111111111333349823374377778888888876777777778855555555555555555555555555555555555866666666666222222622222322666666666766
46666444444444444444444444444448888786873333333322222222384712211111111111111111111111112343497333333677777777777777777777778875555555555555555555555555555555555766666666666322222522223333766666666773
66666654444444444444444444444448888688874333333333222436844723221111111111111111111111134439658333337777767777777777777777778885555555555555555566666655555555555566666666666332326332333333666666667765
66666664444444444444444444444448887558877333333333444358444433221111111111111111111111234385334633334777777777777777777777777885555555555555555566666656665555555576666666666622336333333333666666667745
66666666444444444444444454444458887688844633333333435944446233322111111111111111111112435644444443333777777777777777777777777885555555555555555666576765555556666586666666666667757233333336666666667455
66666666444444444444444454444468888848584453333333496444447233321111111111111111111124356344444463333777776777777777777777777886555555555555555555832275666666666596666666666666667333337577666666667455
66666666443322244444444454444488888889647448676547654444448333332221211111111111112334844444444433333477777777777777777777777886555555555555555565221135666666666667666666666666666533366666666666675555
66666667442111124444444444444488888888765544444695545544446333333221211111111111223336444444444445333377777777777777777777777887555555556666665752221126666666666658666666666666666755766666667677735557
66666666651111112444444444444498888888888688866566555544443333333322211111112122233384444444444446333377777777777777777777777787555555556666555222221117666666666658766666666666666666666666677233255558
66666666641111111244444444444488888778888888956666555565443333333332211221222233333744444444444444333377778677777777777777777787555666666666557222221118666666666665767666666666666666666666644555555584
66666222241111111244444444444488887777788888856666655666543333333332222222223333338444444444444444333377777777777777777777777887656655556666572222221117666666666665927777766666666666666666745555555574
66666222222211111234444444444488777777778888766666666666673333333333333333333333364444444444444444333477777777777777777777777886666666666666563222211116666666666666582377666666666666666667355555555844
66666222222221111124432234344488777777778888666666666666683333333333333333333333734444444444444444434477777677777777777777778865555666666666632222211126666666666666685338666666666666666677455555555644
66666222222222122125211112244488777777777889566666666666683333333333333333333346444444444444444444334477777777777777777777778855555666666666822222211175666666666666668633576766666666666773555555568444
66666422222222111123211111234498777777777789566666666666663333333333333333333384444444444444444444334477777777777777777777778855555666666666822222111176666666666666666953438676666666786445555555567444
66666665222222222222111111124498777777777786666666666666763333333333333333333844444444444444444445344377777577777777777777778856566666666666822222111255556666666666666688444334555443444555555555777444
66666666664322233322111111124477877777777786666666666667843333333333333333334444444444444444444445444377777777777777777777778856666666655556922221111434578666666666666666964545555555555555555558676844
66666665222122333332111111124558877777777896666666666688833333333333333333338344444444444444444445444477777788888777777777777856666666655565922211111332224576666666666666695445444555555555555786766744
66666632222222333332112221234558887777777866666666666788835333333333333333335444444444444444444444444677777775557777777777777866555556665658611111112111111124766666667788888854555555555555587555566684
66666622222222333332222234444556888777778966666666666677633533333333333333334444444444444444444434444777777755655777777777777876555556665582211111111111111111475665875333359877554555555558876655586674
45666222222222222322222222444466698888888666666666668778333444333333333333494444444444444444444474444777787866655877777777777886655556657511111111111111111111124773111111111285578877788865785666566667
44565222222222222222222222244466668888886666666666667886443333533333433335684444444444444444443474445777777666655877777777777886666555667111111111111111111111124411111111111127444445545566886666657668
44462222222222222222222222244466665677765666666666677888743334336754456634394444444444444444468844537777768666655877777777777886666656761111111111111111111111111111111222221127444444446666776666667667
44452222222222222222222222234456666566666666666666688888773344334433333343484444444444445688844644347777877666655877777777777786666555911111111111111111111111111111122233222127444444456666676666665666
44455422222232222222222222234456666666666666666666878888876343333433443343874556788876556666545333668888756666655777777777777786666569111132111111111111111111111122222222222228444444456666565666665766
44446665323662222222222222244456665566666666666666878888787653333433333333586555566666666666684876665566666666655677777777777866665592111777211111111111111111111222222222222245444444456666555666666566
44446666666662222222222222244456654566666666666666878888888756434333333446786666666666666666666566666666666666666677777777778866655661117777211111111111111111111222222222222284444444456666656666665466
44444456666665222222222222444446544466666666666666868888888788666754466588886666666666666666666666666666666666666687777777778856665811167777311111111111111111111122222222224754444444466666666666665486
44444456666666222222222235344444444466666666666666778888888888877777778888896666666666666666666666666666666666666587777777777756656411187777311111111111111111111112222222247455444444466666667666665456
44444456666666522222222224444444444566666666666666787888888888888888888888886666666666666666666666666666666666666587777777788666668111277777211111111111111111111111111579654454444444566666677666664447
44444456666666632222222234444444444455566666666666886888888888888888888888876666666666666666666666666666666666666667777777888666675111377777211111111111111111111112222565554554444445566666677566654448
44444456666666663222222234444444444444445666654433887788888888888888888888866666666666666666666666666666666666666658777778876566581111277777111111111111111111111112333366666666654444566666676666654446
44457766666666664322222244444444444444444446554444687578888888888886458888856666666666666666666666666666666666666665767767866666781221167773111111111111111111111111233386666666665443366666675566654444
44566666666644464444323344444444444444444443444444398878888888888844866888856666666666666666666666666666666666666666578866566665942222127751111111111111111111111111133376666666666633466666665666654444
54466666666775464444554444444444444444444444444444488887888888888448785787466666666666666666666666666666666666666666666666666665511222111111111111111111111111111111123346666666666653466666666766654444
65566666677777564457777644444444444444444444444444588887788888888447776785556666666666666666666666666666666666666666666666666666411222111111111111111111111111111111123336666666666666666666656856554444
66566666677777664776766777433344444444444444444444787888776788888437774866656666666666666666666666666666666666666666666666666668311121111131111111111277783111111111123337666666666666666665657654444444
66566666677777767777767777777764444444444444444444888888887766767445784358756666666666666666666666666666666666666666666666666668321111111151111111112777778111111111123338666666666666666664448544444444
66656676677777667677777777777767444444444444444443788888888888888858533488486666666666666666666666666666666666666666666666666668341111111171111111118777777411111111123338666666666666666664447574444444
66666676777777664367777777777777444444444444444443788888888888888884337576566666666666666666666666666666666666666666666666666668261111111156671111127777777611111111123338666666666666666664445684444444
66776776777227622223677777777777644444444444444445688888888888888873559455766666666666666666666666666666666666666666666666666668251111111111133111147777777511111111123337666666666666666666444664444444
77777776777522722222377777777776644444444444444447788888888888888883887566666666666666666666666666666666666666666666666666666668332111111111116111147777777311111111233336666666666666666666444766444444
77777766777722422222277777777776644444444444444448788888888888888884585866666666666666666666666666666666666666666666666666666668536111111111117211137777777211111111233336666666666666666666444858444444
77777766777522222222246777777777644444444444444448888888888888877888555866666666666666666666666666666666666666666666666666666667734211111111111311127777777111111111333337666666666666666666444466444444
77777766774222222222237777777777744444444444444447888888888888888888766666666666666666666666666666666666666656666666666666666666833611111111111111117777776111111112333337666666666666666666444466544444
77776642632222222222227776777767744444444444444436888888888888843783258566666666666666666666666666666666666466666666666666666666733321111111111111112877781111111113333339666666666677777764444486844444
77622222622222222222222225667767744444444444444456888888888888833383333376666666666666666666666666666666666466666566666666666666833372111111111111111477721111111123333329666666666777777764444456644444
75322223342222223332211222666767544444444444444476888888888888844433333356666666666666666666666666666666664665664466666666666666973324211111111111111121211111111233333327666666667777777777744447684444
53222233346222223332112221676767544444444444444486888888888888844453333365666666666656666666666666666666644666654466665666666666873335221111111111111222111111112333333626666666677777777777764448674444
32234334337742223332122223677767744444444444444487888888888888875823333368766666666664666666666666666666645666544466646666666666667333522211111111112222111111123333333468666666677777777777777445667444
66232336337522222232222213677777744444444444444478888888888888888343443383466666666663666666666666666666446664444466466666666666687333362221111111112222211111233333335586666666677777777777777644766444
67534666337322222222222221577777744444444444444467888888888888885434444364376666666664666666666666666665456654444465466666556666696833336232211111112222211112333333365586666666777777777777777744766644
77777746337222222222222222267777644444444444444667788888888888874444444434476666666665566666666666666664465444444464466664466664357663333723322111112222211223333333655766666677777777777777777764466744
77777722237322222222222222267777644444444444444877788888888888884444444444466666666666466666666666666664443444444464566644466634438673333363333211111222112233333336555966666777777777777777777774476664
77777722223324666677322222267777644444444444443777777888888878784444444445866666666666466666666666534444444444444444444444444444445877433336233333222222233333333465556666667777777777777777777765456674
77777722222225777777722222267777644444444444444687777888888878674444444448666666666666466666666666444444444444444444444444444444443877833333533333333333333333335555558666667777777777777777777755547668
77777732222222677777776222777777444444444444448687777788777888658554444476666666665666356546666666444444444444444444444444444444444396783333335433333333333333655555585666677777777777747777777655557666
76547762222222277777777626777775444554444444447677777777777886666744454576666666666565444444666665444444444444444444444444444444444477678333333366433333334575555555586666677777777777747777777555555766
42222372222222277777777777777644456666665445557888777777777886666678287666666666666644444444454444444444444444444444444444444444444438776764334555555555555555555557866666777777777777777777774555554866
62222223222222227777777777777645566666666555587888877777788886666666666666666666666544444444444444444444444444444444444444444444444444786777545555555555555555555648666666777777777777777777775555555476
74222222222222227777777777777756666666666655578777777777788886666666666666666666665344444444444444444444444444444444444444444444444444487677774555555555555555557486666666777777777777777777775555555566
77722222222222237646777777777656666666666664887777777778887886666666666666666666644444444444444444444444444444444444444444444444444444445876676755555555555556655855666666777777777777777777775555555557
77772222222222243222777777777655666666666666777777777778878866666666666666666666444444444444444444444444444444444444444443455534444444443587677778766555556786558545666667777777777777777777765555555557
77777222223332222222377777777655556666666667777777777778878866666666666666666644444444444444444444444444444444444444444456655554444444444446877777777777777755664456666556777777777777777777755666555555
77777522223333222222377777777666656666666677777777777777888766666666666666666544444444444444444444444444444444444444444365555554444444444444587777777777777756644456665554577777777777777777656666665555
77777752223333222222477777777666665566566577777777777777888666666666666666665444444444444444443344444444444444444444444556555654444444444444443588887777888744444566655555545777777777777777566666666555
77777776223333222222677777777666665454455977777777777777789666666666666666644444444444444444443333444444444444444444444444555544444444444444444444444444444444445666645555555567777777777774666666666666
77777777323333222222777777777655544444445777777777777777788666666666666666544444444444444444432223444444444444444444444444446444444444444444444444444444444444445666655555555556777777777764666666666666
77777778222323322226777777777764444444448777777777777777786666666666666665444444444444444444422223444444444444444444444444444444444444444444444444444444444444446666655555555555577777777756666666666666
77777777222232322227777777777777544444448777777777777777786666666666666664444444444444444444322222444444444444444444444444444444444444444444444444444444444444446666655555555555567777777676666666666666
77777777322222222222777777777777764444468777777777777777786666666666666544444444444444444444422222344444444444444444444444444444444444444444444444444444444444446666645555555555566677777666666666666666
77777777522222222222377777777777774444488777777777777777786666666666666444444444444444444444432223444444444444444444444444444444444444444444444444444444444444456666645555555555556667777666666666666666
77777777422222232222277777777777777444488777777777777777786665666666654444444444444444444444443234444444444444444444444444444444444444444444444444444444444444456666655555555555555677776666666666666666
66677777633222252222247777777777777444488777777777777777776665666655444444444444444444444444444444444444444444444444444444444444444444444444444444444444444444445565555677777555555676776666666666666666
66677777723222364322227777777777777644488777777777777777866646665444444444444444444444444444444444444444444444444444444444444444444444444444444444444444444444444444457777777776555666776666666666666666
77667777772222377752227777777777777544488887777777777778866646644444544444444444444444444444444444444444444444444444444444444444444444444444444444444444444444444455577777777777765666766666666666666666
77766777765332677773237777777777777444388887777777777778666445444444444444444444444444444444444444444444444444444444444444444444444444444444444444444444444444444555577777777777777666766666666666666666
77776777777777777777367777777777764444448888777777777888664444444444444444444444444444444444444444444444444444444444444444444444444444444444444444444444444444444555577777777777777766766666666666666666
77776777777777777777777777766777777744448888887777778886654444444444444444444444444444444444444444444444444443334444444444444444444444444444444444444444444444444555566777777777777766766666666666666666
77777777777777777777777776666677777777444888888888888866644444444444444444444444444444444444444444444444444433334444444444444444444444444444444444444444677666545666767777777777777766766666666666666666
77777777777777777777777766666677777777744688888888888766444444444444444444444444444444444444444444444444444433324444444444444444444444444444444444444446666666656666677777777777777766766666666666666666
77777777777777777777777666666677777777774449888888886664444444444444444444444444444444444444444444444444444432224444444444444444444444444444444444444466666666635367266377777777777677761766666666666667
77777777777777777777777666666677777777777444578887566644444444444444444444444444444444444444444444444444444432224444444444444444444444444444444444444566666666752556216376774767777537771774257166526777
77777777777777777777777766666677777777777544444444444444444444444444444444444444444444444444444444444444444443334444444444446666566666654444444444444466666666647456222246356165274227771264326526336777
77777777776666667777777766666667777777777644444444444444444444444444444444444444444444444444444444444444444444444444444444456666666666666444444444444466666666653556226146457256562727771755646465566777
77777777766666666777777766666667777777777744444444444444444444444444444444444444444444444444444444444444444444444444444444466666666666666634446777776466666666634266227261273357646217773726127237227777
777777777666666666777777766666677777777777444444444444444444444444444444444444444444444444444444444444444444444444444444444666666666666667647777777777666666666666666766667777777777777777777777777M7777
77777777776666666668777777776667777777777444444444444444444444444444444444444444444444444444444444444444444444444444444444466666666666666665666777777776666666666666666666777777777777777777777777777777
77777777777666666666777777777777777777777744444444444444444444444444444444444444444444444444444444444444444444444444444444466666666666666666666777777777666666666666666666777777777777777777777777777777
77777777777666666666777777777777777777777744444444444444444444444444444444444444444444444444444444444444444444444444444444456666666666666666667777777777766666666666666666777777777777777777777777777777
77777777778666666666787777767777777777777754444444444444444444444444444444444444444444444444444444444444444444444444444444446666666666666666666777777777766666666666666667777777777777777777767777777777
