M587778598556679956876756688969699557889785887599956875789589578655567767889988977879579855798855859
8877656598575566785998596786859698657675778788677589859769597969888786685767755876987986697888798965
9868895857879876568997959595787669889667697955556578885788768697656669567998656768688588757796995957
9997686756899685797955786885668585878569668587977858777587875695969666866579989999967667988669668655
5555598556999866788795956589976759657695699766576686577677888898678577669678896676668779599859896596
7667659766767956556858599757798699766756956979889898596888659696697787576679669859896869958787976668
6688978688985778755698898797667857778686885898967979865588966586878565579785969976785996966976859967
5595587658898698876867966986795897886965559955888676766899878988558798986975677687955887758777589569
5966657656785699579657786697589685957688685989695767589577588978878896778897786665975565656987667896
6766869765789986655768758975687787755666869858597758777565895998866678887968757995857559587896755688
8678877679989968985566877769767695895898578867958565678877877678697565686666577669985589666866565956
7688955966656757996559777896665756965957856779978677867858878769958788667857975878856978988968978678
8889865687785767769977995997556769868568776696679557596665785765966767685668698558797679789989568976
8997889859896996867578858879998659977569856797587996969858957987557855697599985859768559858575979665
6859687795757965888565797689867578795597699575567797778765596597856586596788786756888855688999778967
5559656787855759888687855695975775688858788776599768687876566899886667578675956559777877797557885775
5895875555569667597977676767777866889975669579695978588958657676579776686978975885575686697675657885
5797799985598775896869789655757859859755957965569595988878658989857667987878859577588569867876668875
6666856577776988667698765687696569889559876595556676688598767786786699788875768557799977655995987588
8887658797559779868687667555585677758558977778676776878888685655869857655886858588765766975788976599
5989758885956757698776985987679666865988557896597875778996566978857659689558557995559768687679987577
9676976995976595579977685799775659595596875688755955769658996995558575689757869988955765877565568676
8666786676989767665685767899698659776568559668685559587855566598967668688867786665988889787985957856
9765987578995666598668685556766867597788699997986987575659866576778686567779787958898676787658997559
7557569969699755557687697659798697788688796875678767868889887767768556558786756876798776878857589775
7958965986899798588795856589988599568765989566689877668866555556778657999679687595579569685595567895
5577878695898577675656755877868886596787867996659958667968758977568986779777758886868876987769995778
9576666869658785997875867566855985967689858867675685557957878566896957585697757595675676978698766769
8955986887675775678755697569956859689686597767558879857677668589879597698878669556869889798576768965
7589569765886775779758567598556966859678677998799587788677698656758766996985598578656697568866757956
7855977956797759975777878687668789695666955779588885667785986787858557896968685885787899687998575858
8577776557766955976858596967769979588865699868569956799868857998679979987785887698786566567599575857
9859555795985695879968587987579789968859957679585779588577679657986769688569887697768767978589577578
6556889978589758978998975656777858586988959568986985897785969688979566757675598789588879598879769595
8669659797765876899579579769565865765579767598599955979778859897759566888858568756889568665698776896
7688856789766698996566555567768595769679796868598997955698759579599966965556876988567676659867699989
8756679868769985686869789696868767596977659799759689995686585765866878878869566868697757966789559867
7667697565667889969869889565996979959976685685575688578695857699995588766799786885589787765765777566
5586855989788665577557755889797986697655868585699998559796678777979968987676565786966557976777957869
5786775589966889556855797988757959557889655695898697685567869965695688876598568987889985898878888687
5979899979785665679858957567957565856796859569669799889665589997695885659776579897789999965967959887
8559775796988887767695665586855679686956868676776756598756689699698879567866597569899666565696896676
5975898685568885986777879585656765657559556589855987678589686557756769997656788965585596995598596789
6677567658587967569557666658985958956995988899757656999958558666679658579585666658895586956988999669
8999858968755659856567695875889557755566855576876857766685797567666989589568577988577968575898556767
5975776757559698789955569877557555577578966766987876777987569766555796895899979897758776975987877785
8859668995675678555598658668588588956598566999785756877686678877576986799797676886568699686566686568
5565588667989877788587868575665976585777659686566578596889987675987889788579579795776795886768897897
7789895568875886967957558685799966995888876856788986599779985765788677965565687659879858696959858856
6689879876587875677776776787577967776867589859995596867667957878985897566966987576755657896978689975
5569776858896568768788857867755598975566998788856755997589788957887998657797966859988887957687959785
6987576578879575978699688669677975876756585568789888867985795998658957587868895695955697867575659998
7666799986895789755575898595886687866977787699556565959898888558777958899957655687868669667786696769
6588598979589665666858996696658857775989857689756566997759876877855879576565775885876768669978695968
5866579889579899855758969856695586699567666867599567886899686958699756785598776687556977977779997669
9858957657965787668568956576899968989866776769967965679768769697568599959968689699885999897758759658
6688966969975878888677597585598856979798999857777565865669996998759777659655897987757666997778997757
8577659695769669699885797556776555595778576555759959999587779566758897686679767898799579576956656657
5888765557678876796896679856679578957567678769575886575555595676569785786569899897769656599575668656
5688695567796778569589769976697879996597976676868778595575767856569986985675655589776756658868977959
6765895886586767765585988567767666965568975565998785586858676579765589889777998665585859968785877667
7687785998888668857586797669795568789958667579989689797669588888555978586868998689968759567599776976
9659767567695575686986699576655898558969997878865677778598555577979996678867585799967975776566888877
7955998595979885596589586665585567798796977666779558786587785896676578558666799555595885885979579557
8567966856755896895587797967598876577769769975678879867677759578695695785688878765899758787698956969
5757585786969699896887879859869876758975779658878898587766869968655599555989686955697999757876669655
7966768766769798579859966788858897867955658858869985576598868768865696688898985596589685556769878766
9798968867969756686968756856999688766588887558779977578887899788979978896558779965578986967657597557
5557868576898677989959669557955995767597765656878865579697795966696896689897765967578669879559768588
6699695957558655857695968768979689696966976679597878686858776857698686766895799758979656796859676577
8558575886878867957556986977878967597886795959967685698677765989669799586558558658788558965956889578
8955876568978777769757669665787888677975799567687685699996885956599995668968799589589695666679988869
7685869566877865898555686785795799699856665975987995559557667988869555885697665856778895776577966886
5667887757768995696785769866558769775785979598866958969666868677998886776796858696869568857575878689
9686865986959796866555685756879667875976785679595796598897569785666786977555859997889599987577699899
6978996556999678888695595587879958978775687556875897598885778789679556786667976576679856897786655676
6956875989658968655989899698857656859678676697967599956875589785869869788679799695687758867575889778
5599695668595555596998755995676896687557556557556957969989655688756579768859559587775967886968576787
9875756988567658799565967689778666689878858556879667687969595976777896678768755959777987876857679595
8668578866769886885597878689986659988689967955656586988598579688777959789655988555579756758795668578
8585567655696595996556855986867987867998958989885976698555689968876598898668556575769656656859699695
6979897859567957566699587667966569758655966679779699958788765777557665955968887696795877696577579595
5977858966758789959865899958658875596676557578989967876996857778696686856655999658585558669857599975
7778765897769967676955667958675987597789688977758888989895787559877555966988788866965785557759956595
8559957965865875995588756576867989789988995998888997955899867765786555679899596979986586995688587766
5689689995968785975557988975579958585556686596568555658887858696585777867785857658858859885775585866
5958688995795595955575966876955769665559869895886969678898998668689868795665699697855685856898685697
8558759999695789779795665695787589978668879699966787665957977799597669596966778895888969796576687558
7766596866976596676877677768867565866878687775955955659768996677677578956657788688797797799558658958
8565697776558995855595977997769877689565757868969597887698878997668669665995596756879757965795986885
5789898586568976896765877697895599959785967686899685957899575869558967586685799797776577689667777876
7556688777578566695959965669956796588656566588855675656585966559695688557979665977995665665559696755
5655595975977569687988755858699975995875758697977785689767666598568776757799769559697598895689996989
6878688778568697699995766595868887596766685998779697786966699986899966589598669768956986659588578676
8767896855799899955787668895756699996577575666987866766678978678869967787657689866688986959877696768
7956597986696988575697985795695878888777557796589595986978776599768997555696597678759668959786779787
8888586698899595798859859555658997578689555788596589778969556656876565759897977796599756765969578885
6579577599977869596758898959786989969657655967596595997788567667955989589555857686998777856996855885
5678865557666897887755598879757678568876679878776599569965585565665769865575876985578999899855968995
896599586766597796886787665567768799858968596578999885655677569568795779779758959986966856578685669G
